240  
8    

1    
  0.0077786572244224   0.0000000000000000   0.0062843051950826
  -0.1348073100    0.0000000000   -0.1789962200
   0.0373769500    0.0000000000    0.0040828400
   0.0089958000    0.0000000000   -0.0004831600
   0.0461710700    0.0000000000   -0.0070555000
  -0.0048273900   -0.0046079100   -0.0014922100
  -0.0003147400    0.0056975800   -0.0006402500
   0.0033457000   -0.0001778000   -0.0002114300
   0.0014095600   -0.0073700900   -0.0027264700
  -0.0009890800    0.0000000000   -0.0004839400
  -0.0002059300    0.0000000000    0.0000082100
   0.0010939300    0.0000000000   -0.0001652900
   0.0001563100    0.0000000000   -0.0004308400
  -0.0048273900    0.0046079100   -0.0014922100
  -0.0003147400   -0.0056975800   -0.0006402500
   0.0033457000    0.0001778000   -0.0002114300
   0.0014095600    0.0073700900   -0.0027264700
  -0.0035341400    0.0000000000    0.0201212100
   0.0040362900    0.0000000000    0.0043439900
   0.0026428300    0.0000000000    0.0004270800
  -0.0030404100    0.0000000000   -0.0019060600
  -0.0023008900    0.0035443700    0.0012158200
   0.0015654800    0.0022874600    0.0014462400
   0.0015547700    0.0000755100    0.0003578900
  -0.0008456000    0.0001284300    0.0003720000
  -0.0008242400    0.0000000000    0.0004249800
   0.0000949300    0.0000000000    0.0004201900
   0.0007900500    0.0000000000    0.0003142400
  -0.0000532700    0.0000000000    0.0002950200
  -0.0023008900   -0.0035443700    0.0012158200
   0.0015654800   -0.0022874600    0.0014462400
   0.0015547700   -0.0000755100    0.0003578900
  -0.0008456000   -0.0001284300    0.0003720000
  -0.0035061700    0.0000000000    0.0199742800
  -0.0020306400    0.0000000000   -0.0032447500
   0.0026384600    0.0000000000    0.0003407000
   0.0030081100    0.0000000000    0.0054963100
  -0.0022912500   -0.0025158300    0.0011348700
  -0.0000768600    0.0006428900   -0.0006652800
   0.0015525200   -0.0000487300    0.0002719400
   0.0007892000   -0.0015061700    0.0023123400
  -0.0008242900    0.0000000000    0.0003462000
  -0.0000307200    0.0000000000    0.0001826500
   0.0007892000    0.0000000000    0.0002261600
   0.0000732700    0.0000000000    0.0003649500
  -0.0022912500    0.0025158300    0.0011348700
  -0.0000768600   -0.0006428900   -0.0006652800
   0.0015525200    0.0000487300    0.0002719400
   0.0007892000    0.0015061700    0.0023123400
   0.0070707200    0.0235524700    0.0147610300
  -0.0080007900   -0.0086657700   -0.0092727900
   0.0026104400   -0.0008161600   -0.0011796700
   0.0034258800    0.0012493100    0.0015687000
   0.0070707200   -0.0235524700    0.0147610300
  -0.0080007900    0.0086657700   -0.0092727900
   0.0026104400    0.0008161600   -0.0011796700
   0.0034258800   -0.0012493100    0.0015687000
  -0.0005635700   -0.0011455000    0.0004081800
  -0.0010008100    0.0003217500   -0.0000083800
   0.0006869000    0.0004344000   -0.0000492800
   0.0009148500   -0.0006569200    0.0002686300
  -0.0005635700    0.0011455000    0.0004081800
  -0.0010008100   -0.0003217500   -0.0000083800
   0.0006869000   -0.0004344000   -0.0000492800
   0.0009148500    0.0006569200    0.0002686300
  -0.0106133400   -0.0039145500   -0.0044281400
   0.0091531000   -0.0159028100    0.0106397200
   0.0028836500   -0.0012777700    0.0003174900
   0.0019567000    0.0013495400   -0.0021837600
  -0.0106133400    0.0039145500   -0.0044281400
   0.0091531000    0.0159028100    0.0106397200
   0.0028836500    0.0012777700    0.0003174900
   0.0019567000   -0.0013495400   -0.0021837600
  -0.0006311000    0.0000007300   -0.0010670500
  -0.0007084200    0.0009219000   -0.0008062500
   0.0007936000    0.0004803300   -0.0003444000
   0.0005345700   -0.0002178600   -0.0006818500
  -0.0006311000   -0.0000007300   -0.0010670500
  -0.0007084200   -0.0009219000   -0.0008062500
   0.0007936000   -0.0004803300   -0.0003444000
   0.0005345700    0.0002178600   -0.0006818500
  -0.0007327200    0.0005405600    0.0026065400
  -0.0012647400   -0.0000088100    0.0018799700
   0.0010688500   -0.0002926100    0.0003421400
   0.0009295500    0.0002419100    0.0006744100
  -0.0007327200   -0.0005405600    0.0026065400
  -0.0012647400    0.0000088100    0.0018799700
   0.0010688500    0.0002926100    0.0003421400
   0.0009295500   -0.0002419100    0.0006744100
  -0.0005126000   -0.0002447900    0.0005594100
  -0.0004637100    0.0003870700    0.0004588800
   0.0005077100    0.0002085100    0.0001127900
   0.0004682000   -0.0001669800    0.0002074000
  -0.0005126000    0.0002447900    0.0005594100
  -0.0004637100   -0.0003870700    0.0004588800
   0.0005077100   -0.0002085100    0.0001127900
   0.0004682000    0.0001669800    0.0002074000
   0.0229847100    0.0000000000    0.0092170900
   0.0174176600    0.0000000000    0.0130986100
  -0.0094932200    0.0000000000    0.0012349000
  -0.0118080500    0.0000000000   -0.0016968200
   0.0017826500    0.0023771300    0.0015397200
   0.0038716100   -0.0002625800   -0.0000399000
  -0.0025367000   -0.0009537500   -0.0000460000
  -0.0028798000    0.0013734800    0.0000706000
   0.0005242500    0.0000000000    0.0001418900
   0.0009129600    0.0000000000   -0.0000602300
  -0.0006610600    0.0000000000   -0.0001903900
  -0.0008371900    0.0000000000    0.0001014800
   0.0017826500   -0.0023771300    0.0015397200
   0.0038716100    0.0002625800   -0.0000399000
  -0.0025367000    0.0009537500   -0.0000460000
  -0.0028798000   -0.0013734800    0.0000706000
   0.0066884800    0.0000000000   -0.0024045000
  -0.0026402400    0.0000000000   -0.0049956800
  -0.0029964000    0.0000000000   -0.0006780000
  -0.0009340900    0.0000000000    0.0009124800
   0.0014793600   -0.0005684600   -0.0003294000
   0.0004537100   -0.0025951900   -0.0022016300
  -0.0014201500   -0.0005818100   -0.0004388200
  -0.0004922700    0.0002686500    0.0002849600
   0.0005877200    0.0000000000   -0.0000338700
   0.0003886500    0.0000000000   -0.0002948600
  -0.0005622500    0.0000000000   -0.0003270100
  -0.0004134300    0.0000000000   -0.0000690100
   0.0014793600    0.0005684600   -0.0003294000
   0.0004537100    0.0025951900   -0.0022016300
  -0.0014201500    0.0005818100   -0.0004388200
  -0.0004922700   -0.0002686500    0.0002849600
  -0.0022039800    0.0000000000   -0.0029726700
   0.0065441600    0.0000000000   -0.0017056700
  -0.0015367600    0.0000000000   -0.0001702800
  -0.0028341600    0.0000000000   -0.0010619400
   0.0006455700    0.0009442800   -0.0013051400
   0.0016116400   -0.0003464400   -0.0001844500
  -0.0009151800   -0.0001970100   -0.0002467500
  -0.0013741000    0.0002768900   -0.0005574000
   0.0004290700    0.0000000000   -0.0003220100
   0.0006222900    0.0000000000   -0.0004680000
  -0.0004663800    0.0000000000   -0.0003070700
  -0.0005837900    0.0000000000   -0.0002658300
   0.0006455700   -0.0009442800   -0.0013051400
   0.0016116400    0.0003464400   -0.0001844500
  -0.0009151800    0.0001970100   -0.0002467500
  -0.0013741000   -0.0002768900   -0.0005574000
   0.0111327300    0.0043381300    0.0113487600
  -0.0041919000    0.0088956300    0.0018740200
  -0.0019928500   -0.0001920400    0.0000402900
  -0.0062539800   -0.0108985200   -0.0003546600
   0.0111327300   -0.0043381300    0.0113487600
  -0.0041919000   -0.0088956300    0.0018740200
  -0.0019928500    0.0001920400    0.0000402900
  -0.0062539800    0.0108985200   -0.0003546600
   0.0009829600    0.0011695100   -0.0002313400
   0.0001384100   -0.0013112400    0.0003953700
  -0.0009040500    0.0000847600   -0.0000438800
  -0.0002924400    0.0016547500   -0.0003700600
   0.0009829600   -0.0011695100   -0.0002313400
   0.0001384100    0.0013112400    0.0003953700
  -0.0009040500   -0.0000847600   -0.0000438800
  -0.0002924400   -0.0016547500   -0.0003700600
   0.0024833300    0.0046712200   -0.0037075900
  -0.0020781500    0.0013793200   -0.0020915000
  -0.0013115500    0.0001004200   -0.0001657600
   0.0010803500   -0.0003521500   -0.0004390500
   0.0024833300   -0.0046712200   -0.0037075900
  -0.0020781500   -0.0013793200   -0.0020915000
  -0.0013115500   -0.0001004200   -0.0001657600
   0.0010803500    0.0003521500   -0.0004390500
   0.0006498900   -0.0010324200    0.0001187700
  -0.0002089700   -0.0009525700   -0.0000386600
  -0.0005315000   -0.0000760100   -0.0001979600
   0.0001016400    0.0000221400   -0.0001132900
   0.0006498900    0.0010324200    0.0001187700
  -0.0002089700    0.0009525700   -0.0000386600
  -0.0005315000    0.0000760100   -0.0001979600
   0.0001016400   -0.0000221400   -0.0001132900
   0.0015875000   -0.0043740000   -0.0023396100
  -0.0000429700    0.0003838500    0.0001268700
  -0.0009283000   -0.0000947500   -0.0003937100
  -0.0006434200   -0.0013463100   -0.0016166200
   0.0015875000    0.0043740000   -0.0023396100
  -0.0000429700   -0.0003838500    0.0001268700
  -0.0009283000    0.0000947500   -0.0003937100
  -0.0006434200    0.0013463100   -0.0016166200
   0.0005322000    0.0006474300   -0.0006183300
   0.0000124300   -0.0003829100   -0.0001587000
  -0.0004592400    0.0000577100   -0.0002859900
  -0.0000692600    0.0008392600   -0.0006466800
   0.0005322000   -0.0006474300   -0.0006183300
   0.0000124300    0.0003829100   -0.0001587000
  -0.0004592400   -0.0000577100   -0.0002859900
  -0.0000692600   -0.0008392600   -0.0006466800
   0.0089073400    0.0000000000   -0.0226133500
  -0.0025069400    0.0000000000    0.0061519400
  -0.0017472000    0.0000000000    0.0002021100
  -0.0038770500    0.0000000000   -0.0057583800
   0.0027402100    0.0006869800    0.0001793500
  -0.0004376600   -0.0008721300    0.0012404100
  -0.0010307300    0.0000857500    0.0002414700
  -0.0014955500    0.0019259600   -0.0012145900
   0.0005052800    0.0000000000    0.0001985800
   0.0001085000    0.0000000000    0.0003395200
  -0.0005328500    0.0000000000    0.0002489000
  -0.0000676700    0.0000000000    0.0001418600
   0.0027402100   -0.0006869800    0.0001793500
  -0.0004376600    0.0008721300    0.0012404100
  -0.0010307300   -0.0000857500    0.0002414700
  -0.0014955500   -0.0019259600   -0.0012145900
   0.0154354700    0.0000000000    0.1174884900
  -0.0035823100    0.0000000000   -0.0060681300
  -0.0012774400    0.0000000000    0.0010555500
  -0.0030008900    0.0000000000    0.0118443700
   0.0015918000   -0.0002771000    0.0028990600
  -0.0011892600   -0.0016718800    0.0007776400
  -0.0008667000   -0.0000393500    0.0007518600
   0.0008247400   -0.0003454600    0.0030320800
   0.0004176900    0.0000000000    0.0010570600
  -0.0000406000    0.0000000000    0.0004783000
  -0.0004103300    0.0000000000    0.0006937500
   0.0000353200    0.0000000000    0.0010251900
   0.0015918000    0.0002771000    0.0028990600
  -0.0011892600    0.0016718800    0.0007776400
  -0.0008667000    0.0000393500    0.0007518600
   0.0008247400    0.0003454600    0.0030320800
   0.0008351500    0.0000000000   -0.0081665400
  -0.0000788800    0.0000000000   -0.0021722100
  -0.0007465400    0.0000000000   -0.0002932400
   0.0000130400    0.0000000000   -0.0013337100
   0.0005843100   -0.0000472200   -0.0017541800
  -0.0000287300   -0.0001761700   -0.0008309300
  -0.0004895900   -0.0000023400   -0.0001307300
  -0.0000665300    0.0002134200   -0.0005999700
   0.0004059200    0.0000000000   -0.0002928800
  -0.0000416400    0.0000000000   -0.0001468300
  -0.0003229600    0.0000000000   -0.0000265400
  -0.0000382400    0.0000000000   -0.0001139700
   0.0005843100    0.0000472200   -0.0017541800
  -0.0000287300    0.0001761700   -0.0008309300
  -0.0004895900    0.0000023400   -0.0001307300
  -0.0000665300   -0.0002134200   -0.0005999700

1    
 -0.0077786572244224   0.0000000000000000  -0.0062843051950826
   0.1366571500    0.0000000000    0.1749005300
  -0.0374440500    0.0000000000   -0.0037235100
  -0.0090594600    0.0000000000    0.0008911100
  -0.0467640600    0.0000000000    0.0075665500
   0.0048579300    0.0044481200    0.0019147800
   0.0002796700   -0.0057197400    0.0010452000
  -0.0033700200    0.0001792700    0.0006246600
  -0.0013903800    0.0074408300    0.0031575800
   0.0009939400    0.0000000000    0.0008915600
   0.0002019300    0.0000000000    0.0004032700
  -0.0011009300    0.0000000000    0.0005781100
  -0.0001500600    0.0000000000    0.0008479400
   0.0048579300   -0.0044481200    0.0019147800
   0.0002796700    0.0057197400    0.0010452000
  -0.0033700200   -0.0001792700    0.0006246600
  -0.0013903800   -0.0074408300    0.0031575800
   0.0035092200    0.0000000000   -0.0199419700
  -0.0040444200    0.0000000000   -0.0040619500
  -0.0026555100    0.0000000000   -0.0001227500
   0.0030776100    0.0000000000    0.0022199500
   0.0022936800   -0.0035551200   -0.0009250300
  -0.0015648500   -0.0022864800   -0.0011448200
  -0.0015583800   -0.0000728700   -0.0000538700
   0.0008559700   -0.0001297700   -0.0000670100
   0.0008283200    0.0000000000   -0.0001235100
  -0.0000957000    0.0000000000   -0.0001162600
  -0.0007926000    0.0000000000   -0.0000043600
   0.0000527200    0.0000000000    0.0000087300
   0.0022936800    0.0035551200   -0.0009250300
  -0.0015648500    0.0022864800   -0.0011448200
  -0.0015583800    0.0000728700   -0.0000538700
   0.0008559700    0.0001297700   -0.0000670100
   0.0035368200    0.0000000000   -0.0200831200
   0.0020491400    0.0000000000    0.0034048100
  -0.0026592100    0.0000000000   -0.0002095600
  -0.0030346500    0.0000000000   -0.0054319300
   0.0023028400    0.0025456700   -0.0010063700
   0.0000787900   -0.0006452400    0.0008094400
  -0.0015608900    0.0000528200   -0.0001387600
  -0.0007944800    0.0015210600   -0.0021920100
   0.0008283300    0.0000000000   -0.0002034700
   0.0000281300    0.0000000000   -0.0000437400
  -0.0007933600    0.0000000000   -0.0000931000
  -0.0000705400    0.0000000000   -0.0002290900
   0.0023028400   -0.0025456700   -0.0010063700
   0.0000787900    0.0006452400    0.0008094400
  -0.0015608900   -0.0000528200   -0.0001387600
  -0.0007944800   -0.0015210600   -0.0021920100
  -0.0071204100   -0.0239455100   -0.0145940800
   0.0079420500    0.0086970700    0.0097247900
  -0.0026238700    0.0008225400    0.0015492100
  -0.0034561700   -0.0012612800   -0.0012179200
  -0.0071204100    0.0239455100   -0.0145940800
   0.0079420500   -0.0086970700    0.0097247900
  -0.0026238700   -0.0008225400    0.0015492100
  -0.0034561700    0.0012612800   -0.0012179200
   0.0005700900    0.0011511500   -0.0000399000
   0.0010043400   -0.0003263600    0.0003815100
  -0.0006942900   -0.0004355900    0.0004141900
  -0.0009168200    0.0006634000    0.0000926900
   0.0005700900   -0.0011511500   -0.0000399000
   0.0010043400    0.0003263600    0.0003815100
  -0.0006942900    0.0004355900    0.0004141900
  -0.0009168200   -0.0006634000    0.0000926900
   0.0107196900    0.0039569500    0.0036849600
  -0.0091423000    0.0158549500   -0.0113256200
  -0.0028962800    0.0012868600   -0.0010601400
  -0.0019685200   -0.0013610300    0.0014644900
   0.0107196900   -0.0039569500    0.0036849600
  -0.0091423000   -0.0158549500   -0.0113256200
  -0.0028962800   -0.0012868600   -0.0010601400
  -0.0019685200    0.0013610300    0.0014644900
   0.0006378400   -0.0000050600    0.0003330700
   0.0007062700   -0.0009264900    0.0000641400
  -0.0007982200   -0.0004804900   -0.0003916200
  -0.0005344700    0.0002202900   -0.0000493200
   0.0006378400    0.0000050600    0.0003330700
   0.0007062700    0.0009264900    0.0000641400
  -0.0007982200    0.0004804900   -0.0003916200
  -0.0005344700   -0.0002202900   -0.0000493200
   0.0007331200   -0.0005461900   -0.0028584100
   0.0012728800    0.0000057200   -0.0021202900
  -0.0010730900    0.0002938300   -0.0005731900
  -0.0009335300   -0.0002454000   -0.0009122100
   0.0007331200    0.0005461900   -0.0028584100
   0.0012728800   -0.0000057200   -0.0021202900
  -0.0010730900   -0.0002938300   -0.0005731900
  -0.0009335300    0.0002454000   -0.0009122100
   0.0005149400    0.0002483800   -0.0007936200
   0.0004644100   -0.0003850400   -0.0006898300
  -0.0005093200   -0.0002071800   -0.0003434800
  -0.0004694500    0.0001695400   -0.0004397400
   0.0005149400   -0.0002483800   -0.0007936200
   0.0004644100    0.0003850400   -0.0006898300
  -0.0005093200    0.0002071800   -0.0003434800
  -0.0004694500   -0.0001695400   -0.0004397400
  -0.0261012100    0.0000000000   -0.0097804200
  -0.0148240400    0.0000000000   -0.0137091400
   0.0095791100    0.0000000000   -0.0015906400
   0.0118718000    0.0000000000    0.0013605300
  -0.0018458400   -0.0023735800   -0.0019066100
  -0.0038336600    0.0002955200   -0.0002979200
   0.0025564000    0.0009570700   -0.0002887300
   0.0028953400   -0.0013874400   -0.0004079900
  -0.0005341500    0.0000000000   -0.0004784300
  -0.0009112100    0.0000000000   -0.0002753000
   0.0006703000    0.0000000000   -0.0001446100
   0.0008370500    0.0000000000   -0.0004384700
  -0.0018458400    0.0023735800   -0.0019066100
  -0.0038336600   -0.0002955200   -0.0002979200
   0.0025564000   -0.0009570700   -0.0002887300
   0.0028953400    0.0013874400   -0.0004079900
  -0.0067539800    0.0000000000    0.0021321400
   0.0026545100    0.0000000000    0.0046866400
   0.0030079800    0.0000000000    0.0003674500
   0.0009343800    0.0000000000   -0.0012380500
  -0.0014839700    0.0005713700    0.0000196100
  -0.0004511600    0.0025888500    0.0018824200
   0.0014230000    0.0005828000    0.0001239100
   0.0004919500   -0.0002712000   -0.0006055200
  -0.0005919300    0.0000000000   -0.0002823500
  -0.0003878100    0.0000000000   -0.0000195600
   0.0005644300    0.0000000000    0.0000105500
   0.0004149800    0.0000000000   -0.0002484900
  -0.0014839700   -0.0005713700    0.0000196100
  -0.0004511600   -0.0025888500    0.0018824200
   0.0014230000   -0.0005828000    0.0001239100
   0.0004919500    0.0002712000   -0.0006055200
   0.0022301100    0.0000000000    0.0026532900
  -0.0066046600    0.0000000000    0.0013802800
   0.0015483000    0.0000000000   -0.0001705300
   0.0028604000    0.0000000000    0.0007312500
  -0.0006482600   -0.0009519200    0.0009701200
  -0.0016239000    0.0003462600   -0.0001588200
   0.0009211500    0.0001969500   -0.0000947600
   0.0013832100   -0.0002797800    0.0002188700
  -0.0004328800    0.0000000000   -0.0000205900
  -0.0006243100    0.0000000000    0.0001255100
   0.0004706600    0.0000000000   -0.0000342400
   0.0005854700    0.0000000000   -0.0000757600
  -0.0006482600    0.0009519200    0.0009701200
  -0.0016239000   -0.0003462600   -0.0001588200
   0.0009211500   -0.0001969500   -0.0000947600
   0.0013832100    0.0002797800    0.0002188700
  -0.0111275100   -0.0040667100   -0.0115595600
   0.0041968800   -0.0089288900   -0.0022064900
   0.0020071900    0.0001907100   -0.0003772800
   0.0063275300    0.0110022700    0.0000214700
  -0.0111275100    0.0040667100   -0.0115595600
   0.0041968800    0.0089288900   -0.0022064900
   0.0020071900   -0.0001907100   -0.0003772800
   0.0063275300   -0.0110022700    0.0000214700
  -0.0009877700   -0.0011344200   -0.0001153700
  -0.0001314900    0.0013242800   -0.0007331000
   0.0009096700   -0.0000866400   -0.0002909400
   0.0002878000   -0.0016628900    0.0000371500
  -0.0009877700    0.0011344200   -0.0001153700
  -0.0001314900   -0.0013242800   -0.0007331000
   0.0009096700    0.0000866400   -0.0002909400
   0.0002878000    0.0016628900    0.0000371500
  -0.0024746400   -0.0046975900    0.0034020900
   0.0020734100   -0.0013860900    0.0017750500
   0.0013188400   -0.0001012500   -0.0001523200
  -0.0010919700    0.0003546900    0.0001272400
  -0.0024746400    0.0046975900    0.0034020900
   0.0020734100    0.0013860900    0.0017750500
   0.0013188400    0.0001012500   -0.0001523200
  -0.0010919700   -0.0003546900    0.0001272400
  -0.0006514200    0.0010355900   -0.0004337100
   0.0002103400    0.0009508700   -0.0002765900
   0.0005341300    0.0000733300   -0.0001189300
  -0.0001039000   -0.0000219900   -0.0002029500
  -0.0006514200   -0.0010355900   -0.0004337100
   0.0002103400   -0.0009508700   -0.0002765900
   0.0005341300   -0.0000733300   -0.0001189300
  -0.0001039000    0.0000219900   -0.0002029500
  -0.0015984200    0.0044174600    0.0020163600
   0.0000434200   -0.0003844400   -0.0004737000
   0.0009339800    0.0000976300    0.0000538200
   0.0006466000    0.0013636300    0.0012849500
  -0.0015984200   -0.0044174600    0.0020163600
   0.0000434200    0.0003844400   -0.0004737000
   0.0009339800   -0.0000976300    0.0000538200
   0.0006466000   -0.0013636300    0.0012849500
  -0.0005347300   -0.0006573100    0.0002782000
  -0.0000120200    0.0003831100   -0.0001845300
   0.0004621200   -0.0000583700   -0.0000545100
   0.0000690700   -0.0008476600    0.0003073300
  -0.0005347300    0.0006573100    0.0002782000
  -0.0000120200   -0.0003831100   -0.0001845300
   0.0004621200    0.0000583700   -0.0000545100
   0.0000690700    0.0008476600    0.0003073300
  -0.0090318300    0.0000000000    0.0233971000
   0.0025258400    0.0000000000   -0.0055684300
   0.0017602200    0.0000000000    0.0004166900
   0.0039318700    0.0000000000    0.0064740800
  -0.0027636100   -0.0007009100    0.0004349300
   0.0004424000    0.0008763100   -0.0006277300
   0.0010382000   -0.0000881700    0.0003763200
   0.0015030000   -0.0019408900    0.0018465000
  -0.0005084400    0.0000000000    0.0004138700
  -0.0001061600    0.0000000000    0.0002758300
   0.0005362800    0.0000000000    0.0003718600
   0.0000654800    0.0000000000    0.0004753700
  -0.0027636100    0.0007009100    0.0004349300
   0.0004424000   -0.0008763100   -0.0006277300
   0.0010382000    0.0000881700    0.0003763200
   0.0015030000    0.0019408900    0.0018465000
  -0.0162404500    0.0000000000   -0.1118654000
   0.0035846300    0.0000000000    0.0069350500
   0.0012853300    0.0000000000   -0.0002678100
   0.0030473800    0.0000000000   -0.0111367900
  -0.0015918600    0.0002822900   -0.0020891300
   0.0011914500    0.0016733400    0.0000189600
   0.0008715600    0.0000383400    0.0000323900
  -0.0008331900    0.0003478800   -0.0022623300
  -0.0004199000    0.0000000000   -0.0002665900
   0.0000425600    0.0000000000    0.0003089500
   0.0004121100    0.0000000000    0.0000887800
  -0.0000368700    0.0000000000   -0.0002437600
  -0.0015918600   -0.0002822900   -0.0020891300
   0.0011914500   -0.0016733400    0.0000189600
   0.0008715600   -0.0000383400    0.0000323900
  -0.0008331900   -0.0003478800   -0.0022623300
  -0.0008399400    0.0000000000    0.0085699300
   0.0000782000    0.0000000000    0.0025133100
   0.0007511400    0.0000000000    0.0006283000
  -0.0000139400    0.0000000000    0.0016915600
  -0.0005872500    0.0000449700    0.0021012000
   0.0000277800    0.0001756500    0.0011635100
   0.0004928500    0.0000016600    0.0004660200
   0.0000671200   -0.0002155200    0.0009386300
  -0.0004080500    0.0000000000    0.0006293400
   0.0000422200    0.0000000000    0.0004806800
   0.0003250400    0.0000000000    0.0003588300
   0.0000379100    0.0000000000    0.0004519000
  -0.0005872500   -0.0000449700    0.0021012000
   0.0000277800   -0.0001756500    0.0011635100
   0.0004928500   -0.0000016600    0.0004660200
   0.0000671200    0.0002155200    0.0009386300

49   
  0.0077786572244224   0.0000000000000000   0.0062843051950826
   0.0093334900    0.0261375100    0.0121825300
   0.0041476800    0.0009097700    0.0007313500
   0.0019213900   -0.0005650100   -0.0002891300
  -0.0101510400   -0.0065094900   -0.0065460200
  -0.0006174600    0.0021505300    0.0004894200
   0.0009309000    0.0006780700    0.0002722400
   0.0006734500   -0.0004191500   -0.0000053200
  -0.0009534600    0.0000715200   -0.0000494300
  -0.0006174600   -0.0021505300    0.0004894200
   0.0009309000   -0.0006780700    0.0002722400
   0.0006734500    0.0004191500   -0.0000053200
  -0.0009534600   -0.0000715200   -0.0000494300
   0.0093334900   -0.0261375100    0.0121825300
   0.0041476800   -0.0009097700    0.0007313500
   0.0019213900    0.0005650100   -0.0002891300
  -0.0101510400    0.0065094900   -0.0065460200
  -0.0007057300    0.0005741700    0.0028534600
   0.0011359600    0.0003573200    0.0006930800
   0.0008649600   -0.0002758400    0.0008609300
  -0.0012981800    0.0000231600    0.0021753000
  -0.0004505500    0.0004048100    0.0007470000
   0.0005250400    0.0002264600    0.0004038200
   0.0004503300   -0.0001494200    0.0004522800
  -0.0005293700   -0.0001331400    0.0008069000
  -0.0004505500   -0.0004048100    0.0007470000
   0.0005250400   -0.0002264600    0.0004038200
   0.0004503300    0.0001494200    0.0004522800
  -0.0005293700    0.0001331400    0.0008069000
  -0.0007057300   -0.0005741700    0.0028534600
   0.0011359600   -0.0003573200    0.0006930800
   0.0008649600    0.0002758400    0.0008609300
  -0.0012981800   -0.0000231600    0.0021753000
  -0.0068396100   -0.0001248300   -0.0087031300
   0.0014042700    0.0003552500   -0.0010788800
   0.0034320400   -0.0005648000    0.0000729600
   0.0052904200   -0.0119560800    0.0157336700
  -0.0007777400    0.0003020500   -0.0004554000
   0.0005250300    0.0002117000   -0.0002409800
   0.0008010000   -0.0004842600    0.0000818900
  -0.0005633500   -0.0023270300   -0.0005443400
  -0.0007777400   -0.0003020500   -0.0004554000
   0.0005250300   -0.0002117000   -0.0002409800
   0.0008010000    0.0004842600    0.0000818900
  -0.0005633500    0.0023270300   -0.0005443400
  -0.0068396100    0.0001248300   -0.0087031300
   0.0014042700   -0.0003552500   -0.0010788800
   0.0034320400    0.0005648000    0.0000729600
   0.0052904200    0.0119560800    0.0157336700
  -0.0423914300    0.0000000000   -0.0410125100
   0.0110610300    0.0000000000   -0.0039853300
   0.0018296000    0.0000000000   -0.0002168300
   0.0100479300    0.0000000000   -0.0027809900
  -0.0040528300    0.0004419200   -0.0033788000
   0.0011128800    0.0017657100   -0.0006824700
   0.0011139500    0.0000411800   -0.0001074700
   0.0017777100   -0.0024250500   -0.0014911800
  -0.0006965800    0.0000000000   -0.0002171300
   0.0001083700    0.0000000000   -0.0001578200
   0.0005517500    0.0000000000   -0.0000333900
   0.0000300000    0.0000000000   -0.0000590300
  -0.0040528300   -0.0004419200   -0.0033788000
   0.0011128800   -0.0017657100   -0.0006824700
   0.0011139500   -0.0000411800   -0.0001074700
   0.0017777100    0.0024250500   -0.0014911800
  -0.0037982900    0.0000000000    0.0049643100
   0.0025082300    0.0000000000    0.0027875200
   0.0011757300    0.0000000000   -0.0001772400
   0.0003014300    0.0000000000   -0.0010314000
  -0.0014624100    0.0011011800    0.0008732100
   0.0007548600    0.0010533800    0.0005060100
   0.0007592900    0.0000818000   -0.0002329200
  -0.0000471100   -0.0002485400   -0.0003403600
  -0.0005446600    0.0000000000   -0.0001778100
   0.0001345300    0.0000000000   -0.0001383500
   0.0004354000    0.0000000000   -0.0002774200
  -0.0000268200    0.0000000000   -0.0003272900
  -0.0014624100   -0.0011011800    0.0008732100
   0.0007548600   -0.0010533800    0.0005060100
   0.0007592900   -0.0000818000   -0.0002329200
  -0.0000471100    0.0002485400   -0.0003403600
  -0.0037594300    0.0000000000    0.0051943600
  -0.0001430300    0.0000000000   -0.0002334600
   0.0011732000    0.0000000000    0.0000709200
   0.0029209500    0.0000000000    0.0024863000
  -0.0014555500   -0.0015344600    0.0011297000
   0.0000105100    0.0003080200   -0.0001626800
   0.0007579300   -0.0000757000    0.0000178900
   0.0006917000   -0.0009863600    0.0008296400
  -0.0005434500    0.0000000000    0.0000723400
  -0.0000239100    0.0000000000   -0.0000823400
   0.0004358400    0.0000000000   -0.0000253400
   0.0001300400    0.0000000000    0.0001195400
  -0.0014555500    0.0015344600    0.0011297000
   0.0000105100   -0.0003080200   -0.0001626800
   0.0007579300    0.0000757000    0.0000178900
   0.0006917000    0.0009863600    0.0008296400
   0.0106209900    0.0006453700    0.0054259200
  -0.0051976100   -0.0026600700    0.0001201500
  -0.0020826900   -0.0000525700    0.0000498800
  -0.0000757900    0.0009162800    0.0015043400
   0.0010681600   -0.0001106800    0.0001022000
  -0.0004834300   -0.0005272800   -0.0002787400
  -0.0008774500   -0.0000554800   -0.0000797000
   0.0002564300    0.0003606100    0.0004283500
   0.0010681600    0.0001106800    0.0001022000
  -0.0004834300    0.0005272800   -0.0002787400
  -0.0008774500    0.0000554800   -0.0000797000
   0.0002564300   -0.0003606100    0.0004283500
   0.0106209900   -0.0006453700    0.0054259200
  -0.0051976100    0.0026600700    0.0001201500
  -0.0020826900    0.0000525700    0.0000498800
  -0.0000757900   -0.0009162800    0.0015043400
   0.0014765700   -0.0004719900   -0.0013740700
  -0.0003647200   -0.0004683300   -0.0010214300
  -0.0010713100   -0.0000343300   -0.0003037000
  -0.0000580800    0.0002167200   -0.0003660700
   0.0006278000   -0.0001529900   -0.0005780700
  -0.0000533200   -0.0002549400   -0.0005001300
  -0.0005517200   -0.0000238500   -0.0002497400
  -0.0000257500    0.0000904300   -0.0002339400
   0.0006278000    0.0001529900   -0.0005780700
  -0.0000533200    0.0002549400   -0.0005001300
  -0.0005517200    0.0000238500   -0.0002497400
  -0.0000257500   -0.0000904300   -0.0002339400
   0.0014765700    0.0004719900   -0.0013740700
  -0.0003647200    0.0004683300   -0.0010214300
  -0.0010713100    0.0000343300   -0.0003037000
  -0.0000580800   -0.0002167200   -0.0003660700
   0.0069829200    0.0027354500   -0.0026845800
  -0.0002161400   -0.0001389400    0.0003941000
  -0.0018585600    0.0000480400   -0.0002242800
  -0.0044483200    0.0009384400   -0.0013062200
   0.0011323400    0.0002427300    0.0000512100
   0.0000515800   -0.0000899700   -0.0001322500
  -0.0007697400    0.0000519300   -0.0001680500
  -0.0004156300    0.0004267000   -0.0001360600
   0.0011323400   -0.0002427300    0.0000512100
   0.0000515800    0.0000899700   -0.0001322500
  -0.0007697400   -0.0000519300   -0.0001680500
  -0.0004156300   -0.0004267000   -0.0001360600
   0.0069829200   -0.0027354500   -0.0026845800
  -0.0002161400    0.0001389400    0.0003941000
  -0.0018585600   -0.0000480400   -0.0002242800
  -0.0044483200   -0.0009384400   -0.0013062200
   0.0032060300    0.0000000000    0.0042700000
  -0.0017583400    0.0000000000   -0.0006042000
  -0.0015292700    0.0000000000    0.0007996900
   0.0016616600    0.0000000000    0.0067636100
   0.0000684400   -0.0052273600    0.0009288900
  -0.0010004400   -0.0011058800   -0.0000763000
  -0.0008340100    0.0003598600    0.0002260400
   0.0017961100    0.0001006200    0.0007009600
   0.0002540200    0.0000000000    0.0002021700
  -0.0003675700    0.0000000000   -0.0000040400
  -0.0002586200    0.0000000000   -0.0001544200
   0.0003564600    0.0000000000   -0.0001020000
   0.0000684400    0.0052273600    0.0009288900
  -0.0010004400    0.0011058800   -0.0000763000
  -0.0008340100   -0.0003598600    0.0002260400
   0.0017961100   -0.0001006200    0.0007009600
   0.0003062500    0.0000000000   -0.0014685300
  -0.0009501700    0.0000000000   -0.0007695600
  -0.0006431400    0.0000000000   -0.0003881900
   0.0012486100    0.0000000000   -0.0012811300
   0.0002636300   -0.0006371900   -0.0007498200
  -0.0004778900   -0.0002653000   -0.0003709800
  -0.0003139400    0.0002351600   -0.0003629200
   0.0005130100    0.0003277100   -0.0006368800
   0.0001775100    0.0000000000   -0.0002577000
  -0.0002353200    0.0000000000   -0.0002149900
  -0.0001880900    0.0000000000   -0.0002841400
   0.0002450400    0.0000000000   -0.0003490400
   0.0002636300    0.0006371900   -0.0007498200
  -0.0004778900    0.0002653000   -0.0003709800
  -0.0003139400   -0.0002351600   -0.0003629200
   0.0005130100   -0.0003277100   -0.0006368800
   0.0023943000    0.0000000000    0.0010465000
  -0.0007026900    0.0000000000    0.0003354700
  -0.0011869900    0.0000000000   -0.0002305700
  -0.0030798000    0.0000000000   -0.0063972800
   0.0009976500   -0.0007044700    0.0006238000
  -0.0003655700   -0.0003252500    0.0000399100
  -0.0007028000    0.0007889100   -0.0003073000
   0.0001936800    0.0049283700   -0.0015348600
   0.0002982700    0.0000000000   -0.0000358800
  -0.0001982900    0.0000000000   -0.0000714100
  -0.0003027700    0.0000000000   -0.0002645500
   0.0002013100    0.0000000000   -0.0004141500
   0.0009976500    0.0007044700    0.0006238000
  -0.0003655700    0.0003252500    0.0000399100
  -0.0007028000   -0.0007889100   -0.0003073000
   0.0001936800   -0.0049283700   -0.0015348600
   0.0019214500   -0.0012956400    0.0086826800
  -0.0011642100   -0.0006340500    0.0013256500
  -0.0010157400    0.0004112800    0.0006530700
  -0.0022275400    0.0054087100   -0.0034434100
   0.0003280800   -0.0002415700    0.0008624700
  -0.0003877500   -0.0001855700    0.0006129900
  -0.0005015000    0.0002979300    0.0003975400
   0.0005444000    0.0000964700    0.0011124300
   0.0003280800    0.0002415700    0.0008624700
  -0.0003877500    0.0001855700    0.0006129900
  -0.0005015000   -0.0002979300    0.0003975400
   0.0005444000   -0.0000964700    0.0011124300
   0.0019214500    0.0012956400    0.0086826800
  -0.0011642100    0.0006340500    0.0013256500
  -0.0010157400   -0.0004112800    0.0006530700
  -0.0022275400   -0.0054087100   -0.0034434100
   0.0000700900   -0.0015881300   -0.0050265600
  -0.0006681600   -0.0002405300   -0.0003207600
  -0.0003684600    0.0000842800    0.0006542900
   0.0012378300    0.0004111400    0.0013778200
   0.0001625900   -0.0002586200   -0.0001495300
  -0.0002977900   -0.0001448400    0.0002254300
  -0.0001861500    0.0000324200    0.0004958400
   0.0003173700   -0.0000412300    0.0004849100
   0.0001625900    0.0002586200   -0.0001495300
  -0.0002977900    0.0001448400    0.0002254300
  -0.0001861500   -0.0000324200    0.0004958400
   0.0003173700    0.0000412300    0.0004849100
   0.0000700900    0.0015881300   -0.0050265600
  -0.0006681600    0.0002405300   -0.0003207600
  -0.0003684600   -0.0000842800    0.0006542900
   0.0012378300   -0.0004111400    0.0013778200
   0.0009997500    0.0001160300   -0.0007822200
  -0.0003385900   -0.0000253600   -0.0000500600
  -0.0007902600    0.0003201800   -0.0005775800
   0.0001255200    0.0007553100   -0.0027865700
   0.0004034300    0.0000688500   -0.0001592300
  -0.0001999800   -0.0000358400    0.0000163700
  -0.0003189500    0.0001544900   -0.0001047900
   0.0001072900    0.0003827800   -0.0004687800
   0.0004034300   -0.0000688500   -0.0001592300
  -0.0001999800    0.0000358400    0.0000163700
  -0.0003189500   -0.0001544900   -0.0001047900
   0.0001072900   -0.0003827800   -0.0004687800
   0.0009997500   -0.0001160300   -0.0007822200
  -0.0003385900    0.0000253600   -0.0000500600
  -0.0007902600   -0.0003201800   -0.0005775800
   0.0001255200   -0.0007553100   -0.0027865700

49   
 -0.0077786572244224   0.0000000000000000  -0.0062843051950826
  -0.0093194100   -0.0258265400   -0.0116490900
  -0.0041376600   -0.0009016600   -0.0003175400
  -0.0019063000    0.0005697300    0.0007019400
   0.0102605800    0.0063886300    0.0069256800
   0.0006157800   -0.0021523900   -0.0000779700
  -0.0009326400   -0.0006759100    0.0001370900
  -0.0006716600    0.0004185100    0.0004171600
   0.0009566600   -0.0000819300    0.0004597600
   0.0006157800    0.0021523900   -0.0000779700
  -0.0009326400    0.0006759100    0.0001370900
  -0.0006716600   -0.0004185100    0.0004171600
   0.0009566600    0.0000819300    0.0004597600
  -0.0093194100    0.0258265400   -0.0116490900
  -0.0041376600    0.0009016600   -0.0003175400
  -0.0019063000   -0.0005697300    0.0007019400
   0.0102605800   -0.0063886300    0.0069256800
   0.0007066300   -0.0005687700   -0.0025445100
  -0.0011354300   -0.0003574700   -0.0003861300
  -0.0008636300    0.0002750700   -0.0005634100
   0.0012970700   -0.0000179700   -0.0018957000
   0.0004478300   -0.0004037600   -0.0004437400
  -0.0005265300   -0.0002261500   -0.0000995600
  -0.0004485400    0.0001496100   -0.0001495900
   0.0005330800    0.0001329900   -0.0005060700
   0.0004478300    0.0004037600   -0.0004437400
  -0.0005265300    0.0002261500   -0.0000995600
  -0.0004485400   -0.0001496100   -0.0001495900
   0.0005330800   -0.0001329900   -0.0005060700
   0.0007066300    0.0005687700   -0.0025445100
  -0.0011354300    0.0003574700   -0.0003861300
  -0.0008636300   -0.0002750700   -0.0005634100
   0.0012970700    0.0000179700   -0.0018957000
   0.0068331600    0.0000821800    0.0088981200
  -0.0014153000   -0.0003524300    0.0012034800
  -0.0034492200    0.0005699700    0.0000599500
  -0.0053389000    0.0121392800   -0.0157190800
   0.0007802300   -0.0003054200    0.0005886500
  -0.0005279000   -0.0002121700    0.0003751800
  -0.0008023600    0.0004888300    0.0000517100
   0.0005665700    0.0023415500    0.0006807700
   0.0007802300    0.0003054200    0.0005886500
  -0.0005279000    0.0002121700    0.0003751800
  -0.0008023600   -0.0004888300    0.0000517100
   0.0005665700   -0.0023415500    0.0006807700
   0.0068331600   -0.0000821800    0.0088981200
  -0.0014153000    0.0003524300    0.0012034800
  -0.0034492200   -0.0005699700    0.0000599500
  -0.0053389000   -0.0121392800   -0.0157190800
   0.0413642900   -0.0000000000    0.0400858200
  -0.0109519600   -0.0000000000    0.0042928800
  -0.0018290600   -0.0000000000    0.0005791100
  -0.0101174000   -0.0000000000    0.0032093300
   0.0040647500   -0.0004820100    0.0037554400
  -0.0011211800   -0.0017668300    0.0010339200
  -0.0011146800   -0.0000382300    0.0004705900
  -0.0017812600    0.0024320700    0.0018645800
   0.0006973000   -0.0000000000    0.0005796100
  -0.0001083100   -0.0000000000    0.0005188700
  -0.0005530900   -0.0000000000    0.0003952900
  -0.0000283800   -0.0000000000    0.0004217000
   0.0040647500    0.0004820100    0.0037554400
  -0.0011211800    0.0017668300    0.0010339200
  -0.0011146800    0.0000382300    0.0004705900
  -0.0017812600   -0.0024320700    0.0018645800
   0.0037652900   -0.0000000000   -0.0056818300
  -0.0024997400   -0.0000000000   -0.0035107000
  -0.0011744400   -0.0000000000   -0.0005536900
  -0.0002862000   -0.0000000000    0.0002800900
   0.0014560800   -0.0011088600   -0.0016204100
  -0.0007544300   -0.0010500600   -0.0012372200
  -0.0007587300   -0.0000813900   -0.0005002700
   0.0000536400    0.0002448800   -0.0003962700
   0.0005442200   -0.0000000000   -0.0005544000
  -0.0001355600   -0.0000000000   -0.0005949500
  -0.0004355300   -0.0000000000   -0.0004564200
   0.0000296800   -0.0000000000   -0.0004058700
   0.0014560800    0.0011088600   -0.0016204100
  -0.0007544300    0.0010500600   -0.0012372200
  -0.0007587300    0.0000813900   -0.0005002700
   0.0000536400   -0.0002448800   -0.0003962700
   0.0038035100   -0.0000000000   -0.0054510600
   0.0001336500   -0.0000000000    0.0000093600
  -0.0011770600   -0.0000000000   -0.0003043000
  -0.0029508900   -0.0000000000   -0.0027422000
   0.0014626700    0.0015394600   -0.0013635900
  -0.0000116600   -0.0003087200   -0.0000655900
  -0.0007602900    0.0000771600   -0.0002493300
  -0.0006941900    0.0009934800   -0.0010662500
   0.0005453300   -0.0000000000   -0.0003038200
   0.0000226600   -0.0000000000   -0.0001476200
  -0.0004357000   -0.0000000000   -0.0002048900
  -0.0001295400   -0.0000000000   -0.0003505300
   0.0014626700   -0.0015394600   -0.0013635900
  -0.0000116600    0.0003087200   -0.0000655900
  -0.0007602900   -0.0000771600   -0.0002493300
  -0.0006941900   -0.0009934800   -0.0010662500
  -0.0105572600   -0.0004523300   -0.0055651300
   0.0051878100    0.0026428300   -0.0004564100
   0.0020790200    0.0000508100   -0.0003858000
   0.0000409700   -0.0009082300   -0.0018554500
  -0.0010663700    0.0001124000   -0.0004364000
   0.0004865400    0.0005291500   -0.0000539800
   0.0008775900    0.0000545700   -0.0002560600
  -0.0002607100   -0.0003605700   -0.0007650300
  -0.0010663700   -0.0001124000   -0.0004364000
   0.0004865400   -0.0005291500   -0.0000539800
   0.0008775900   -0.0000545700   -0.0002560600
  -0.0002607100    0.0003605700   -0.0007650300
  -0.0105572600    0.0004523300   -0.0055651300
   0.0051878100   -0.0026428300   -0.0004564100
   0.0020790200   -0.0000508100   -0.0003858000
   0.0000409700    0.0009082300   -0.0018554500
  -0.0014761300    0.0004672100    0.0010580100
   0.0003649000    0.0004673800    0.0007016200
   0.0010719900    0.0000337100   -0.0000142700
   0.0000580900   -0.0002161200    0.0000550100
  -0.0006275900    0.0001560600    0.0002635000
   0.0000546500    0.0002542000    0.0001815200
   0.0005526500    0.0000234200   -0.0000679800
   0.0000244200   -0.0000900300   -0.0000824700
  -0.0006275900   -0.0001560600    0.0002635000
   0.0000546500   -0.0002542000    0.0001815200
   0.0005526500   -0.0000234200   -0.0000679800
   0.0000244200    0.0000900300   -0.0000824700
  -0.0014761300   -0.0004672100    0.0010580100
   0.0003649000   -0.0004673800    0.0007016200
   0.0010719900   -0.0000337100   -0.0000142700
   0.0000580900    0.0002161200    0.0000550100
  -0.0070378800   -0.0027349300    0.0023339000
   0.0002337700    0.0001383800   -0.0007377900
   0.0018656700   -0.0000489300   -0.0001160900
   0.0044736400   -0.0009492800    0.0009681300
  -0.0011373200   -0.0002440400   -0.0003943000
  -0.0000499200    0.0000902300   -0.0002103600
   0.0007726600   -0.0000527100   -0.0001739400
   0.0004174800   -0.0004287000   -0.0002067700
  -0.0011373200    0.0002440400   -0.0003943000
  -0.0000499200   -0.0000902300   -0.0002103600
   0.0007726600    0.0000527100   -0.0001739400
   0.0004174800    0.0004287000   -0.0002067700
  -0.0070378800    0.0027349300    0.0023339000
   0.0002337700   -0.0001383800   -0.0007377900
   0.0018656700    0.0000489300   -0.0001160900
   0.0044736400    0.0009492800    0.0009681300
  -0.0024120900   -0.0000000000   -0.0038967100
   0.0017522700   -0.0000000000    0.0002635700
   0.0015349900   -0.0000000000   -0.0011455100
  -0.0017475600   -0.0000000000   -0.0070637800
  -0.0000535800    0.0052176200   -0.0012587200
   0.0010015300    0.0011001400   -0.0002560800
   0.0008325400   -0.0003588100   -0.0005630200
  -0.0018041700   -0.0000757100   -0.0010479800
  -0.0002529900   -0.0000000000   -0.0005366700
   0.0003692400   -0.0000000000   -0.0003303400
   0.0002580400   -0.0000000000   -0.0001805800
  -0.0003572800   -0.0000000000   -0.0002342200
  -0.0000535800   -0.0052176200   -0.0012587200
   0.0010015300   -0.0011001400   -0.0002560800
   0.0008325400    0.0003588100   -0.0005630200
  -0.0018041700    0.0000757100   -0.0010479800
  -0.0003065000   -0.0000000000    0.0011484800
   0.0009511300   -0.0000000000    0.0004496800
   0.0006401000   -0.0000000000    0.0000755400
  -0.0012426400   -0.0000000000    0.0009659900
  -0.0002608700    0.0006343700    0.0004329100
   0.0004781000    0.0002640700    0.0000525100
   0.0003133900   -0.0002360900    0.0000467300
  -0.0005144500   -0.0003301600    0.0003242800
  -0.0001767400   -0.0000000000   -0.0000601300
   0.0002357800   -0.0000000000   -0.0001024300
   0.0001884500   -0.0000000000   -0.0000332600
  -0.0002453900   -0.0000000000    0.0000320900
  -0.0002608700   -0.0006343700    0.0004329100
   0.0004781000   -0.0002640700    0.0000525100
   0.0003133900    0.0002360900    0.0000467300
  -0.0005144500    0.0003301600    0.0003242800
  -0.0023777400   -0.0000000000   -0.0014174500
   0.0007038400   -0.0000000000   -0.0006734100
   0.0011934300   -0.0000000000   -0.0001127200
   0.0030893900   -0.0000000000    0.0061048000
  -0.0010016700    0.0007132600   -0.0009701800
   0.0003683200    0.0003240200   -0.0003819900
   0.0007061800   -0.0007948700   -0.0000340600
  -0.0001954300   -0.0049612100    0.0012015400
  -0.0002988300   -0.0000000000   -0.0003070100
   0.0001994700   -0.0000000000   -0.0002709300
   0.0003040500   -0.0000000000   -0.0000769700
  -0.0002019400   -0.0000000000    0.0000731500
  -0.0010016700   -0.0007132600   -0.0009701800
   0.0003683200   -0.0003240200   -0.0003819900
   0.0007061800    0.0007948700   -0.0000340600
  -0.0001954300    0.0049612100    0.0012015400
  -0.0018192800    0.0013607000   -0.0080605100
   0.0011608600    0.0006268800   -0.0006946400
   0.0010182400   -0.0004144200   -0.0000318200
   0.0021445900   -0.0053605600    0.0040406500
  -0.0003272900    0.0002419000   -0.0002370500
   0.0003910100    0.0001866400    0.0000113000
   0.0005014500   -0.0002985800    0.0002256800
  -0.0005462300   -0.0000960100   -0.0004932100
  -0.0003272900   -0.0002419000   -0.0002370500
   0.0003910100   -0.0001866400    0.0000113000
   0.0005014500    0.0002985800    0.0002256800
  -0.0005462300    0.0000960100   -0.0004932100
  -0.0018192800   -0.0013607000   -0.0080605100
   0.0011608600   -0.0006268800   -0.0006946400
   0.0010182400    0.0004144200   -0.0000318200
   0.0021445900    0.0053605600    0.0040406500
  -0.0000653900    0.0015757900    0.0058061100
   0.0006676600    0.0002395200    0.0011087800
   0.0003667800   -0.0000838800    0.0001352600
  -0.0012401100   -0.0004103400   -0.0005527800
  -0.0001608600    0.0002588600    0.0009395000
   0.0002982100    0.0001442300    0.0005642700
   0.0001857600   -0.0000323800    0.0002933400
  -0.0003180000    0.0000420200    0.0003069500
  -0.0001608600   -0.0002588600    0.0009395000
   0.0002982100   -0.0001442300    0.0005642700
   0.0001857600    0.0000323800    0.0002933400
  -0.0003180000   -0.0000420200    0.0003069500
  -0.0000653900   -0.0015757900    0.0058061100
   0.0006676600   -0.0002395200    0.0011087800
   0.0003667800    0.0000838800    0.0001352600
  -0.0012401100    0.0004103400   -0.0005527800
  -0.0010038400   -0.0001159300    0.0011167000
   0.0003415200    0.0000260200    0.0003871300
   0.0007949000   -0.0003235000    0.0009219100
  -0.0001277300   -0.0007634000    0.0031461500
  -0.0004040800   -0.0000691800    0.0004972500
   0.0002011000    0.0000357900    0.0003214300
   0.0003206100   -0.0001557400    0.0004444900
  -0.0001080700   -0.0003842700    0.0008105400
  -0.0004040800    0.0000691800    0.0004972500
   0.0002011000   -0.0000357900    0.0003214300
   0.0003206100    0.0001557400    0.0004444900
  -0.0001080700    0.0003842700    0.0008105400
  -0.0010038400    0.0001159300    0.0011167000
   0.0003415200   -0.0000260200    0.0003871300
   0.0007949000    0.0003235000    0.0009219100
  -0.0001277300    0.0007634000    0.0031461500

97   
  0.0061398386432361   0.0061398386432361   0.0049603188274596
   0.0157720500    0.0086394700    0.0134648700
  -0.0093997500    0.0007808700   -0.0009648300
  -0.0075127200    0.0007729200    0.0012873200
   0.0165864500    0.0088844400    0.0052655400
   0.0017098700   -0.0127470400   -0.0010857700
  -0.0030444600   -0.0014871400   -0.0000278000
  -0.0012725700    0.0008700000    0.0003095100
   0.0027788000    0.0030288400    0.0009182000
   0.0006334900   -0.0015815700    0.0001826400
  -0.0005017400   -0.0007166100    0.0002201200
  -0.0006886600   -0.0007118200    0.0003874700
   0.0005040700   -0.0015711800    0.0005590800
   0.0037876300    0.0043993300    0.0009630000
  -0.0011839300    0.0013622100    0.0003910900
  -0.0030996000   -0.0009901300    0.0007218900
   0.0006779200   -0.0112342000    0.0029493300
   0.0013198200    0.0012605700   -0.0058927200
  -0.0020275600    0.0004213200   -0.0008447800
  -0.0014509900    0.0004193200    0.0004365100
   0.0021286800    0.0012577500    0.0027325900
   0.0000283200   -0.0015210100   -0.0010750800
  -0.0011977200   -0.0006645100   -0.0002954900
  -0.0006249200    0.0003066600    0.0001560100
   0.0017643300   -0.0001425800   -0.0001206100
   0.0004621400   -0.0007357600   -0.0001192800
  -0.0004038000   -0.0003642600    0.0000036600
  -0.0004302200   -0.0003622600    0.0001179600
   0.0003683900   -0.0007335800    0.0000699900
   0.0010523600    0.0009755000   -0.0004812600
  -0.0008202800    0.0006206800   -0.0002160200
  -0.0009986500   -0.0003508000    0.0002347000
   0.0007364800   -0.0004017800    0.0004659500
   0.0024308200    0.0019483300    0.0018082100
  -0.0010421700    0.0005138900    0.0012985500
  -0.0020667700    0.0005130300   -0.0007264500
   0.0007821600    0.0019463300   -0.0073203200
   0.0005689700   -0.0005435700    0.0012317600
  -0.0008600000   -0.0004515100    0.0007394100
  -0.0006563400    0.0003202800   -0.0001714300
   0.0009589400    0.0008239600    0.0002204400
   0.0004705400   -0.0010351200    0.0001612200
  -0.0003045700   -0.0004198400    0.0001089200
  -0.0004714000   -0.0004208000   -0.0000370900
   0.0003014500   -0.0010322600   -0.0000379900
   0.0021500900   -0.0002321500   -0.0018441300
  -0.0001894700    0.0003664300    0.0004324400
  -0.0013234100   -0.0004032300   -0.0004771500
  -0.0006257200   -0.0016000000   -0.0028504600
   0.0083643100    0.0005999900    0.0048233700
  -0.0002158600    0.0029054100    0.0026194500
  -0.0016448400    0.0003397500    0.0003045500
  -0.0039189600   -0.0012942300   -0.0023942600
   0.0083713700    0.0027595600    0.0039457100
  -0.0030392800   -0.0014311100    0.0043347900
  -0.0016472200    0.0001433600    0.0004041800
  -0.0011220900    0.0027583000   -0.0007092800
   0.0008453300   -0.0008402200    0.0005049300
  -0.0002124000   -0.0012036100    0.0008213400
  -0.0006949900   -0.0002932000    0.0003032000
   0.0000326400   -0.0000429000    0.0000904000
   0.0008423300   -0.0017417300    0.0002837700
   0.0004867800   -0.0002424000    0.0006528000
  -0.0006935600   -0.0001986600    0.0001967900
  -0.0006651900   -0.0013950500   -0.0000718400
   0.0055431500    0.0021006500    0.0003501900
  -0.0019741100    0.0034118200   -0.0022740200
  -0.0014730200    0.0003192300   -0.0003627100
  -0.0017350600   -0.0010737900    0.0018687100
   0.0055585000   -0.0026578500   -0.0050047800
  -0.0028309200   -0.0024617200   -0.0030642500
  -0.0014746200    0.0000764000   -0.0004573600
  -0.0008835000    0.0020133800    0.0010892400
   0.0008990200   -0.0009250700   -0.0004279100
  -0.0003501700   -0.0009764600   -0.0007317100
  -0.0006110300   -0.0002595700   -0.0004146300
   0.0000598100   -0.0000892200   -0.0002723900
   0.0008948100   -0.0005673700    0.0000454200
   0.0000596900    0.0001305300   -0.0004006200
  -0.0006095300   -0.0001341200   -0.0003130000
  -0.0003474600   -0.0007505200    0.0000550500
   0.0011646800    0.0005516700   -0.0015319800
   0.0003115800    0.0006528100   -0.0005130100
  -0.0008479900    0.0001970800   -0.0002634500
  -0.0006435700   -0.0001093200   -0.0008101800
   0.0011664200    0.0006705700   -0.0006231700
  -0.0002264700   -0.0000381500   -0.0002686000
  -0.0008484300    0.0001380100   -0.0001960700
  -0.0001068000    0.0007220600   -0.0005668200
   0.0004975000   -0.0005033800   -0.0002986200
  -0.0000820500   -0.0005061300   -0.0001855900
  -0.0004367100   -0.0001875200   -0.0001632600
   0.0000181100   -0.0001096800   -0.0002140300
   0.0004958800   -0.0007462300   -0.0005956800
   0.0001894800   -0.0001161400   -0.0003452600
  -0.0004368600   -0.0001441800   -0.0002103200
  -0.0002516900   -0.0005107700   -0.0003733500
  -0.1109878700   -0.0373834800   -0.0266220400
   0.0219247700    0.0000763500   -0.0054381100
   0.0046222000   -0.0002381000   -0.0004248700
   0.0147661400    0.0000403700    0.0033500300
  -0.0046986100    0.0006600100   -0.0009037800
   0.0032832700    0.0026148800   -0.0004147900
   0.0017294700    0.0001181600   -0.0003156000
   0.0000633100   -0.0007162600   -0.0005286600
  -0.0009009000    0.0006424600   -0.0003260300
   0.0000287500    0.0004876000   -0.0001855300
   0.0007918900    0.0002906200   -0.0001861200
   0.0001768500    0.0004851800   -0.0003690700
  -0.0046677400    0.0017551300   -0.0022383900
  -0.0000479600   -0.0009202100   -0.0001466300
   0.0017219300   -0.0000492500   -0.0001096300
   0.0033472000    0.0023789300   -0.0002636700
  -0.0034654100   -0.0012088900    0.0006270300
   0.0013988500   -0.0004488500    0.0015237700
   0.0016069900   -0.0001788900   -0.0001130600
   0.0004014000   -0.0004468000   -0.0011333000
  -0.0010524900    0.0014288400    0.0010648200
   0.0005178500    0.0008614100    0.0005615200
   0.0008914000    0.0000790300   -0.0001454400
  -0.0003370900   -0.0003155200   -0.0005906200
  -0.0005207800    0.0004334500   -0.0001129600
  -0.0000000100    0.0002883900    0.0000512900
   0.0004762000    0.0001637300   -0.0001277000
   0.0000418700    0.0002872900   -0.0002775300
  -0.0010494300   -0.0001203700   -0.0000843300
  -0.0000964100   -0.0007257700    0.0005292700
   0.0008894900   -0.0000652900   -0.0001069000
   0.0002761700    0.0004514000   -0.0006214400
  -0.0034481300   -0.0012018100    0.0006186600
  -0.0001829100   -0.0004478000   -0.0004312700
   0.0016047600   -0.0001788000   -0.0001250400
   0.0019631800   -0.0004459500    0.0007938100
  -0.0010508600    0.0001834800   -0.0004738800
   0.0002083700    0.0003623800   -0.0004468000
   0.0008900900    0.0000226200   -0.0002268300
  -0.0000278600   -0.0002523500   -0.0001426000
  -0.0005214800    0.0004331900   -0.0001250600
  -0.0001118100    0.0002877600   -0.0000999800
   0.0004759100    0.0001635600   -0.0001397600
   0.0001546900    0.0002871000   -0.0001507400
  -0.0010492500    0.0011077400    0.0014356700
  -0.0009591300   -0.0002259500    0.0000580000
   0.0008891300   -0.0000088100   -0.0000497300
   0.0011388200    0.0003878800    0.0003604500
  -0.0021320700   -0.0126364700   -0.0039611600
   0.0013149200   -0.0020835700   -0.0004988600
   0.0016543000    0.0005501400   -0.0003651200
   0.0137304700    0.0207517100    0.0004677400
   0.0145006700    0.0246146200   -0.0046693500
   0.0017209300    0.0012080900   -0.0002583300
   0.0012558900   -0.0014197000   -0.0001267500
  -0.0025523900   -0.0091670500   -0.0002267300
  -0.0003356500    0.0028588000   -0.0007588900
   0.0006807300    0.0012241500   -0.0003351300
   0.0003666200    0.0000384800   -0.0000658600
  -0.0005427700    0.0002173000    0.0000567400
  -0.0007366900    0.0001194500   -0.0006789300
   0.0002547200   -0.0001752000   -0.0004683900
   0.0007866000    0.0009996000   -0.0002002100
  -0.0001414400    0.0027352000    0.0001316100
  -0.0008930000   -0.0018452200    0.0004532100
   0.0008755100   -0.0006238900    0.0003040600
   0.0008668400   -0.0000479600   -0.0004808600
  -0.0007619400    0.0001039300   -0.0006008700
   0.0001327100    0.0008324000    0.0014632300
   0.0010649400    0.0001563100    0.0004672500
   0.0006786500   -0.0004176900   -0.0003187200
  -0.0017881500   -0.0011144500    0.0004067000
  -0.0001606700    0.0010598100   -0.0000482400
   0.0003727300    0.0005173000   -0.0000798200
   0.0002304800    0.0000996900   -0.0000782900
  -0.0004364900    0.0004474300   -0.0000789900
  -0.0003903700    0.0000165500   -0.0002289500
   0.0002494400   -0.0000590500   -0.0001985100
   0.0003527100    0.0003568500   -0.0001957900
  -0.0002057500    0.0006255300   -0.0002584200
  -0.0014220600   -0.0013612300    0.0005260300
   0.0003480600   -0.0005893200   -0.0004049600
   0.0007248000    0.0000207300    0.0001312400
   0.0004075000    0.0005742900    0.0014192200
  -0.0004083400   -0.0002808200   -0.0005808400
   0.0005791100   -0.0000031800   -0.0004644400
   0.0004957200   -0.0006117400    0.0000742000
  -0.0006082500   -0.0022153500    0.0003128200
  -0.0002072300    0.0008363200   -0.0002673700
   0.0002417200    0.0005101200   -0.0002608500
   0.0002149000    0.0000936400   -0.0000639300
  -0.0002634600    0.0002624500   -0.0000135900
  -0.0003959100    0.0008978600   -0.0000249000
   0.0001188000    0.0000933500   -0.0002357000
   0.0003372500    0.0005082100   -0.0000401500
  -0.0000742900    0.0014702400    0.0002287000
  -0.0008020500   -0.0017397800   -0.0051098400
   0.0014421700   -0.0004056400   -0.0012975200
   0.0013677200   -0.0004022100    0.0011731000
   0.0075793400   -0.0017168200    0.0137706300
  -0.0005112500    0.0009696400   -0.0012266000
   0.0008271600    0.0005655300   -0.0003176300
   0.0005505000   -0.0002783000    0.0004777800
  -0.0009687400    0.0000170900    0.0002652800
  -0.0003164600    0.0004446300    0.0000957500
   0.0001777100    0.0002791400    0.0002282000
   0.0003219400    0.0002780000    0.0003731800
  -0.0002068100    0.0004435200    0.0003801500
  -0.0032206100    0.0016514000    0.0009141400
   0.0004735900   -0.0003927200   -0.0000841000
   0.0008998700    0.0004486300    0.0007092500
   0.0017517600    0.0026053800    0.0023968100
   0.0078013800   -0.0015508600    0.0196381500
   0.0010817600   -0.0002064700    0.0020820800
   0.0009488100   -0.0002058800   -0.0009062600
  -0.0020831700   -0.0015227000   -0.0127167000
  -0.0000902200    0.0011496900    0.0022381600
   0.0007225000    0.0004550600    0.0007463000
   0.0004230500   -0.0001988500    0.0002865500
  -0.0009968600    0.0001857100   -0.0004358500
  -0.0002319900    0.0003109000    0.0005269700
   0.0002240200    0.0001902300    0.0004335900
   0.0002205700    0.0001893500    0.0002218300
  -0.0002215800    0.0003102200    0.0000295800
  -0.0006549300   -0.0004555200    0.0004475700
   0.0005537700   -0.0004337800    0.0003233600
   0.0005903100    0.0002204500   -0.0001306900
  -0.0004314000    0.0005013000   -0.0022017000
  -0.0004809800   -0.0003513000    0.0018091900
   0.0003582200   -0.0002032700    0.0006728800
   0.0004803500   -0.0002032400    0.0002816300
  -0.0003133400   -0.0003509800    0.0008040300
  -0.0002205200    0.0001456100    0.0007995600
   0.0002678700    0.0001154900    0.0004017300
   0.0002389400   -0.0000676900    0.0002349900
  -0.0002952300   -0.0001333900    0.0005310300
  -0.0002227400    0.0002934600    0.0004011700
   0.0001353900    0.0001547900    0.0002886500
   0.0001887400    0.0001548600    0.0002309500
  -0.0001085900    0.0002932000    0.0003166100
  -0.0004209500   -0.0000691400    0.0009361300
   0.0001467900   -0.0000719300    0.0004448900
   0.0003598000    0.0001112200    0.0002785000
  -0.0000946000    0.0002098500    0.0006698500

97   
 -0.0061398386432361  -0.0061398386432361  -0.0049603188274596
  -0.0138092800   -0.0089195300   -0.0128216500
   0.0093487600   -0.0007745800    0.0013768100
   0.0074847000   -0.0007824700   -0.0008708300
  -0.0179665500   -0.0086783900   -0.0046047600
  -0.0016824000    0.0126264100    0.0014920500
   0.0030162000    0.0014749400    0.0004364800
   0.0012502500   -0.0008674100    0.0001060600
  -0.0027708300   -0.0029496700   -0.0004859000
  -0.0006312400    0.0015751100    0.0002279500
   0.0004997800    0.0007146900    0.0001929400
   0.0006865000    0.0007198600    0.0000248000
  -0.0005024500    0.0015857700   -0.0001443100
  -0.0037951600   -0.0044213200   -0.0005563700
   0.0011892200   -0.0013546400    0.0000251000
   0.0031109500    0.0009920500   -0.0003116800
  -0.0006814300    0.0112973200   -0.0025499300
  -0.0013080700   -0.0012545100    0.0061338800
   0.0020124500   -0.0004210200    0.0011384300
   0.0014446900   -0.0004226700   -0.0001307300
  -0.0021193200   -0.0012569700   -0.0024170500
  -0.0000182800    0.0015125100    0.0013689800
   0.0011917400    0.0006608100    0.0006006600
   0.0006159000   -0.0003042600    0.0001518200
  -0.0017601800    0.0001435600    0.0004270800
  -0.0004606900    0.0007344700    0.0004226400
   0.0004030500    0.0003633600    0.0002999200
   0.0004290700    0.0003648300    0.0001879800
  -0.0003683700    0.0007364300    0.0002358500
  -0.0010378700   -0.0009716400    0.0007879000
   0.0008181300   -0.0006150700    0.0005216000
   0.0009927100    0.0003497500    0.0000713100
  -0.0007438100    0.0003983400   -0.0001616400
  -0.0024225700   -0.0019649300   -0.0017348300
   0.0010477300   -0.0005128200   -0.0011576400
   0.0020611500   -0.0005142400    0.0008568400
  -0.0007901300   -0.0019665800    0.0074451200
  -0.0005503800    0.0005548300   -0.0011129300
   0.0008616100    0.0004489000   -0.0006033900
   0.0006467500   -0.0003172800    0.0003029100
  -0.0009701800   -0.0008170100   -0.0001148600
  -0.0004665100    0.0010410900   -0.0000254300
   0.0003040300    0.0004208300    0.0000251600
   0.0004673200    0.0004208200    0.0001713800
  -0.0003013900    0.0010436700    0.0001704200
  -0.0021608600    0.0002311100    0.0019893900
   0.0001870400   -0.0003653300   -0.0003003100
   0.0013250400    0.0004025500    0.0006087500
   0.0006363500    0.0016026600    0.0029915800
  -0.0083481500   -0.0011589600   -0.0049308400
   0.0002276100   -0.0028965200   -0.0022502200
   0.0016405700   -0.0003379100    0.0000604200
   0.0039249700    0.0012855600    0.0027652800
  -0.0083422100   -0.0026066500   -0.0036589300
   0.0030302800    0.0014290500   -0.0039327500
   0.0016380800   -0.0001462400   -0.0000414600
   0.0010957200   -0.0027633800    0.0010522900
  -0.0008396400    0.0008555600   -0.0001389400
   0.0002160500    0.0012019600   -0.0004526600
   0.0006903700    0.0002946200    0.0000560100
  -0.0000377900    0.0000539700    0.0002703100
  -0.0008426900    0.0017477400    0.0000751900
  -0.0004877100    0.0002432200   -0.0002938400
   0.0006920900    0.0001990000    0.0001650900
   0.0006671000    0.0013995000    0.0004355500
  -0.0055221100   -0.0021211600   -0.0010330300
   0.0019557100   -0.0033757600    0.0015266200
   0.0014670000   -0.0003187500   -0.0003725400
   0.0017317100    0.0010629100   -0.0026051100
  -0.0055067900    0.0026627900    0.0042992800
   0.0028076100    0.0024364300    0.0023091800
   0.0014655500   -0.0000781400   -0.0002775900
   0.0008742700   -0.0020125200   -0.0018112300
  -0.0008919300    0.0009265600   -0.0003049400
   0.0003494600    0.0009700400   -0.0000046500
   0.0006065400    0.0002587400   -0.0003179500
  -0.0000621500    0.0000950000   -0.0004584500
  -0.0008961200    0.0005665200   -0.0007818400
  -0.0000573700   -0.0001284800   -0.0003326500
   0.0006078600    0.0001369400   -0.0004205800
   0.0003474700    0.0007525700   -0.0007907200
  -0.0011650900   -0.0005574400    0.0013041100
  -0.0003099600   -0.0006526400    0.0002782800
   0.0008446300   -0.0001963800    0.0000307300
   0.0006450200    0.0001077100    0.0005804600
  -0.0011634000   -0.0006735600    0.0003783000
   0.0002321600    0.0000377800    0.0000315800
   0.0008440000   -0.0001384700   -0.0000349300
   0.0001018800   -0.0007246000    0.0003321300
  -0.0004938100    0.0005102300    0.0000630900
   0.0000835800    0.0005069400   -0.0000466100
   0.0004352800    0.0001881900   -0.0000669400
  -0.0000223600    0.0001136800   -0.0000184100
  -0.0004953400    0.0007494900    0.0003691000
  -0.0001892500    0.0001165100    0.0001142600
   0.0004354900    0.0001440200   -0.0000215800
   0.0002517900    0.0005116800    0.0001434400
   0.1100607500    0.0378370800    0.0261296800
  -0.0217289600   -0.0000323800    0.0050634000
  -0.0045960300    0.0002386900    0.0000877400
  -0.0147150300   -0.0000682100   -0.0036894000
   0.0046494800   -0.0006724200    0.0005461300
  -0.0032486500   -0.0025877000    0.0000760200
  -0.0017144500   -0.0001169000   -0.0000195000
  -0.0000377000    0.0007000100    0.0001940800
   0.0008980400   -0.0006454400   -0.0000100100
  -0.0000293300   -0.0004871100   -0.0001487200
  -0.0007883800   -0.0002908500   -0.0001477400
  -0.0001774200   -0.0004894600    0.0000337300
   0.0046807900   -0.0017545900    0.0019068800
   0.0000379600    0.0009260000   -0.0001878100
  -0.0017216900    0.0000485900   -0.0002255800
  -0.0033724400   -0.0023937800   -0.0000731400
   0.0034441700    0.0012036000   -0.0009392600
  -0.0013846700    0.0004472800   -0.0018233600
  -0.0015981900    0.0001797200   -0.0002038600
  -0.0003980300    0.0004494700    0.0008109700
   0.0010448700   -0.0014250100   -0.0013797500
  -0.0005197300   -0.0008561400   -0.0008723500
  -0.0008847300   -0.0000778800   -0.0001710000
   0.0003395900    0.0003133200    0.0002700700
   0.0005184000   -0.0004345500   -0.0002040400
  -0.0000012700   -0.0002876200   -0.0003675300
  -0.0004741700   -0.0001641700   -0.0001893400
  -0.0000408000   -0.0002888400   -0.0000399100
   0.0010478700    0.0001326800   -0.0002434700
   0.0000925300    0.0007203200   -0.0008409200
  -0.0008861500    0.0000644700   -0.0002096700
  -0.0002741800   -0.0004489100    0.0003031400
   0.0034584300    0.0012108500   -0.0009469900
   0.0001646300    0.0004484700    0.0000954300
  -0.0016005000    0.0001798400   -0.0002155300
  -0.0019642900    0.0004502900   -0.0011354100
   0.0010461600   -0.0001937100    0.0001471200
  -0.0002187600   -0.0003611100    0.0001065300
  -0.0008855800   -0.0000222100   -0.0001137500
   0.0000382600    0.0002511300   -0.0001937900
   0.0005188100   -0.0004349200   -0.0002162600
   0.0001109100   -0.0002884200   -0.0002410500
  -0.0004744500   -0.0001643700   -0.0002011400
  -0.0001530700   -0.0002889800   -0.0001907600
   0.0010480200   -0.0011159800   -0.0017888700
   0.0009607800    0.0002260800   -0.0004002900
  -0.0008872000    0.0000088800   -0.0002914500
  -0.0011417300   -0.0003871000   -0.0007021900
   0.0020122400    0.0126693800    0.0036024400
  -0.0013106300    0.0020688200    0.0001604600
  -0.0016530100   -0.0005434400    0.0000314900
  -0.0139466800   -0.0209993200   -0.0007495400
  -0.0142638600   -0.0242303300    0.0042415800
  -0.0017094700   -0.0011965000   -0.0000782900
  -0.0012466000    0.0014213100   -0.0002093100
   0.0026798400    0.0090448300   -0.0000985300
   0.0003315300   -0.0028390900    0.0004170600
  -0.0006765800   -0.0012149600   -0.0000017600
  -0.0003604800   -0.0000446400   -0.0002691600
   0.0005420700   -0.0002339000   -0.0003902500
   0.0007353400   -0.0001187400    0.0003447700
  -0.0002550900    0.0001751200    0.0001341800
  -0.0007880000   -0.0010056800   -0.0001345900
   0.0001385200   -0.0027501500   -0.0004676300
   0.0008792800    0.0018308800   -0.0007694300
  -0.0008700000    0.0006215100   -0.0006171200
  -0.0008640200    0.0000498200    0.0001633400
   0.0007672300   -0.0001029400    0.0002793900
  -0.0001375000   -0.0008200300   -0.0017703200
  -0.0010596400   -0.0001544500   -0.0007800600
  -0.0006729600    0.0004187100   -0.0000008800
   0.0017833700    0.0011161100   -0.0007239800
   0.0001577000   -0.0010564800   -0.0002678700
  -0.0003710600   -0.0005139100   -0.0002365500
  -0.0002282200   -0.0001010500   -0.0002393500
   0.0004352300   -0.0004507600   -0.0002386800
   0.0003880500   -0.0000159600   -0.0000878400
  -0.0002488000    0.0000566100   -0.0001193800
  -0.0003516700   -0.0003575500   -0.0001207900
   0.0002060400   -0.0006250900   -0.0000573600
   0.0014256800    0.0013782600   -0.0008700000
  -0.0003484800    0.0005884300    0.0000643700
  -0.0007232800   -0.0000189200   -0.0004721700
  -0.0004121300   -0.0005664800   -0.0017651800
   0.0003968200    0.0002768900    0.0002505000
  -0.0005775100    0.0000045500    0.0001204800
  -0.0004923100    0.0006139000   -0.0004135400
   0.0006147000    0.0022230000   -0.0006444700
   0.0002043100   -0.0008449400   -0.0000718500
  -0.0002413900   -0.0005098100   -0.0000817800
  -0.0002130700   -0.0000962900   -0.0002759400
   0.0002637600   -0.0002728100   -0.0003249000
   0.0003948800   -0.0009015700   -0.0003168100
  -0.0001186000   -0.0000932200   -0.0001053700
  -0.0003363800   -0.0005088500   -0.0003010900
   0.0000736300   -0.0014755500   -0.0005698300
   0.0007143800    0.0017311300    0.0058139100
  -0.0014366900    0.0004027700    0.0019056600
  -0.0013624300    0.0004060700   -0.0005485800
  -0.0076679200    0.0017545800   -0.0132390100
   0.0004793600   -0.0009844700    0.0018446900
  -0.0008232600   -0.0005620600    0.0009344300
  -0.0005446200    0.0002762000    0.0001427100
   0.0009892200   -0.0000391900    0.0003741200
   0.0003135900   -0.0004454100    0.0005214900
  -0.0001772700   -0.0002793000    0.0003906300
  -0.0003200800   -0.0002802500    0.0002465000
   0.0002070600   -0.0004465000    0.0002411900
   0.0032375100   -0.0016664300   -0.0002966300
  -0.0004739200    0.0003932500    0.0007042700
  -0.0008980400   -0.0004475500   -0.0000885100
  -0.0017577100   -0.0026100000   -0.0017779700
  -0.0076751000    0.0015034500   -0.0185497300
  -0.0010760500    0.0002066600   -0.0012854800
  -0.0009466800    0.0002073600    0.0016890400
   0.0021994500    0.0015308300    0.0135241200
   0.0000848600   -0.0011433900   -0.0014366300
  -0.0007183300   -0.0004514700    0.0000416500
  -0.0004189300    0.0001979300    0.0004943900
   0.0009966200   -0.0001897800    0.0012028300
   0.0002302500   -0.0003109200    0.0002592600
  -0.0002234200   -0.0001894300    0.0003487900
  -0.0002192500   -0.0001903600    0.0005621200
   0.0002208800   -0.0003115700    0.0007529100
   0.0006478400    0.0004593500    0.0003363000
  -0.0005502000    0.0004298300    0.0004592100
  -0.0005886600   -0.0002193500    0.0009174800
   0.0004344900   -0.0005015100    0.0030009400
   0.0004775700    0.0003530500   -0.0014546400
  -0.0003574300    0.0002046800   -0.0003314700
  -0.0004780700    0.0002046800    0.0000512900
   0.0003126500    0.0003534000   -0.0004731000
   0.0002179000   -0.0001457700   -0.0004571200
  -0.0002676900   -0.0001149200   -0.0000682800
  -0.0002375500    0.0000677700    0.0000988000
   0.0002957800    0.0001327000   -0.0001922100
   0.0002209400   -0.0002945300   -0.0000661700
  -0.0001351000   -0.0001555800    0.0000472900
  -0.0001874500   -0.0001554900    0.0001019700
   0.0001083100   -0.0002947900    0.0000163700
   0.0004197900    0.0000690200   -0.0006056700
  -0.0001463100    0.0000715700   -0.0001132600
  -0.0003591500   -0.0001111900    0.0000534400
   0.0000940600   -0.0002094500   -0.0003377500

193  
  0.0077786572244224   0.0000000000000000   0.0062843051950826
   0.0089970300   -0.0000000000   -0.0227125300
  -0.0080937300   -0.0000000000   -0.0007837800
  -0.0017623400   -0.0000000000    0.0000971300
   0.0016159000   -0.0000000000    0.0009409900
   0.0027620200   -0.0048367900    0.0000800300
  -0.0019695300   -0.0024058200   -0.0007496400
  -0.0010402100   -0.0000810900    0.0001384000
   0.0000221700    0.0004147200    0.0005667500
   0.0005088400   -0.0000000000    0.0000976800
  -0.0000596600   -0.0000000000    0.0000305000
  -0.0005373500   -0.0000000000    0.0001443900
   0.0001002200   -0.0000000000    0.0002476100
   0.0027620200    0.0048367900    0.0000800300
  -0.0019695300    0.0024058200   -0.0007496400
  -0.0010402100    0.0000810900    0.0001384000
   0.0000221700   -0.0004147200    0.0005667500
   0.0008404100   -0.0000000000   -0.0082264300
   0.0003011300   -0.0000000000   -0.0017260700
  -0.0007517800   -0.0000000000   -0.0003085100
  -0.0003673700   -0.0000000000   -0.0018295400
   0.0005868000    0.0003334300   -0.0017780000
   0.0000435500   -0.0001045100   -0.0007561400
  -0.0004923100    0.0000125500   -0.0001460400
  -0.0001394300    0.0002875500   -0.0007058300
   0.0004080500   -0.0000000000   -0.0003080300
  -0.0000270700   -0.0000000000   -0.0001432800
  -0.0003252700   -0.0000000000   -0.0000384100
  -0.0000537800   -0.0000000000   -0.0001471600
   0.0005868000   -0.0003334300   -0.0017780000
   0.0000435500    0.0001045100   -0.0007561400
  -0.0004923100   -0.0000125500   -0.0001460400
  -0.0001394300   -0.0002875500   -0.0007058300
   0.0162721700   -0.0000000000    0.1125352900
   0.0039742000   -0.0000000000    0.0029188200
  -0.0012831200   -0.0000000000    0.0007279500
  -0.0105472600   -0.0000000000    0.0021905000
   0.0015953100    0.0072792500    0.0025626900
   0.0007362100    0.0002534800    0.0028370400
  -0.0008716700    0.0002225100    0.0004256200
  -0.0010993800    0.0015789600    0.0003230300
   0.0004200700   -0.0000000000    0.0007290100
   0.0002192500   -0.0000000000    0.0004751500
  -0.0004129800   -0.0000000000    0.0003689100
  -0.0002253000   -0.0000000000    0.0003776100
   0.0015953100   -0.0072792500    0.0025626900
   0.0007362100   -0.0002534800    0.0028370400
  -0.0008716700   -0.0002225100    0.0004256200
  -0.0010993800   -0.0015789600    0.0003230300
   0.0046855000    0.0014802400    0.0050375800
  -0.0050155900    0.0082448000   -0.0000072700
  -0.0013630600    0.0000675000    0.0009491300
  -0.0008238000   -0.0002705900    0.0007665200
   0.0046855000   -0.0014802400    0.0050375800
  -0.0050155900   -0.0082448000   -0.0000072700
  -0.0013630600   -0.0000675000    0.0009491300
  -0.0008238000    0.0002705900    0.0007665200
   0.0003364500    0.0002543100    0.0007223900
   0.0005418400   -0.0007940700    0.0009929700
  -0.0005336600   -0.0003300800    0.0003047100
  -0.0003596600    0.0001565700    0.0004435900
   0.0003364500   -0.0002543100    0.0007223900
   0.0005418400    0.0007940700    0.0009929700
  -0.0005336600    0.0003300800    0.0003047100
  -0.0003596600   -0.0001565700    0.0004435900
   0.0013827300    0.0004927600   -0.0017805300
  -0.0002475100    0.0011426100   -0.0028718100
  -0.0007831600    0.0002855600   -0.0011329300
  -0.0003528800   -0.0000318600   -0.0005686600
   0.0013827300   -0.0004927600   -0.0017805300
  -0.0002475100   -0.0011426100   -0.0028718100
  -0.0007831600   -0.0002855600   -0.0011329300
  -0.0003528800    0.0000318600   -0.0005686600
   0.0003831900   -0.0000409400   -0.0006657700
   0.0001318300   -0.0003896400   -0.0010352800
  -0.0003091000   -0.0001448600   -0.0006542600
  -0.0002109600    0.0000465000   -0.0005046400
   0.0003831900    0.0000409400   -0.0006657700
   0.0001318300    0.0003896400   -0.0010352800
  -0.0003091000    0.0001448600   -0.0006542600
  -0.0002109600   -0.0000465000   -0.0005046400
  -0.0019288400   -0.0035643800   -0.0030643200
   0.0032335700   -0.0015831600   -0.0016163900
  -0.0001236800   -0.0001476900   -0.0001574600
  -0.0009118400   -0.0003644500   -0.0005295700
  -0.0019288400    0.0035643800   -0.0030643200
   0.0032335700    0.0015831600   -0.0016163900
  -0.0001236800    0.0001476900   -0.0001574600
  -0.0009118400    0.0003644500   -0.0005295700
  -0.0000155700    0.0005573100   -0.0004403300
   0.0004980300    0.0002321400   -0.0002466400
  -0.0001324500    0.0000205500   -0.0000793600
  -0.0003510800    0.0001980100   -0.0002186100
  -0.0000155700   -0.0005573100   -0.0004403300
   0.0004980300   -0.0002321400   -0.0002466400
  -0.0001324500   -0.0000205500   -0.0000793600
  -0.0003510800   -0.0001980100   -0.0002186100
  -0.0053453700   -0.0000000000   -0.0016678100
   0.0141959600   -0.0000000000    0.0116433700
   0.0030551300   -0.0000000000   -0.0006982600
   0.0005240100   -0.0000000000   -0.0005789000
  -0.0016950100   -0.0006414100   -0.0015890400
  -0.0001789500    0.0028348100    0.0019540100
   0.0012809500    0.0003425000   -0.0002528600
   0.0004685600   -0.0001050400   -0.0003692600
  -0.0004759200   -0.0000000000   -0.0003436800
  -0.0001866100   -0.0000000000   -0.0001739400
   0.0003925500   -0.0000000000   -0.0000661200
   0.0002441700   -0.0000000000   -0.0002922600
  -0.0016950100    0.0006414100   -0.0015890400
  -0.0001789500   -0.0028348100    0.0019540100
   0.0012809500   -0.0003425000   -0.0002528600
   0.0004685600    0.0001050400   -0.0003692600
   0.0000065700   -0.0000000000    0.0011479400
  -0.0010093200   -0.0000000000    0.0014118200
   0.0003356900   -0.0000000000    0.0003288000
   0.0007291800   -0.0000000000    0.0001359200
  -0.0001897900   -0.0000547600    0.0004602300
  -0.0004619700    0.0002012800    0.0006577500
   0.0002369400    0.0001001800    0.0001327900
   0.0004080400   -0.0000541500   -0.0000120000
  -0.0001656500   -0.0000000000   -0.0000057900
  -0.0002518200   -0.0000000000    0.0001730600
   0.0001771200   -0.0000000000    0.0000000300
   0.0002356800   -0.0000000000   -0.0000834600
  -0.0001897900    0.0000547600    0.0004602300
  -0.0004619700   -0.0002012800    0.0006577500
   0.0002369400   -0.0001001800    0.0001327900
   0.0004080400    0.0000541500   -0.0000120000
   0.0199303900   -0.0000000000    0.0112628600
  -0.0129389600   -0.0000000000   -0.0040839100
  -0.0002408500   -0.0000000000   -0.0000304200
   0.0028104400   -0.0000000000    0.0001767200
   0.0006739000   -0.0012701100   -0.0003825700
  -0.0020505600   -0.0005545800   -0.0009281600
   0.0004935800   -0.0001082700   -0.0003832900
   0.0009594200   -0.0003216200   -0.0001764500
  -0.0000326800   -0.0000000000   -0.0003230000
  -0.0005404100   -0.0000000000   -0.0003073300
   0.0001742400   -0.0000000000   -0.0002548000
   0.0003919000   -0.0000000000   -0.0002488900
   0.0006739000    0.0012701100   -0.0003825700
  -0.0020505600    0.0005545800   -0.0009281600
   0.0004935800    0.0001082700   -0.0003832900
   0.0009594200    0.0003216200   -0.0001764500
  -0.0022221200   -0.0097299000    0.0049266400
   0.0027709300   -0.0013671000    0.0014614300
   0.0005659400   -0.0001459300   -0.0002588600
   0.0005826600   -0.0001560600   -0.0011049000
  -0.0022221200    0.0097299000    0.0049266400
   0.0027709300    0.0013671000    0.0014614300
   0.0005659400    0.0001459300   -0.0002588600
   0.0005826600    0.0001560600   -0.0011049000
  -0.0005144500    0.0012619600   -0.0006379900
   0.0002266400    0.0009415000   -0.0004023300
   0.0003548700    0.0000743500   -0.0001792800
  -0.0000100700   -0.0001289200   -0.0002200600
  -0.0005144500   -0.0012619600   -0.0006379900
   0.0002266400   -0.0009415000   -0.0004023300
   0.0003548700   -0.0000743500   -0.0001792800
  -0.0000100700    0.0001289200   -0.0002200600
  -0.0004483700    0.0005070800    0.0012801300
   0.0001212600   -0.0000419200    0.0006096900
   0.0003737800    0.0000426800    0.0000837400
  -0.0000243800    0.0003121400    0.0005079900
  -0.0004483700   -0.0005070800    0.0012801300
   0.0001212600    0.0000419200    0.0006096900
   0.0003737800   -0.0000426800    0.0000837400
  -0.0000243800   -0.0003121400    0.0005079900
  -0.0002599000   -0.0001972900    0.0002322500
   0.0000500300    0.0000308200    0.0000575600
   0.0001972200   -0.0000292900   -0.0000420200
   0.0000046000   -0.0002014800    0.0000636900
  -0.0002599000    0.0001972900    0.0002322500
   0.0000500300   -0.0000308200    0.0000575600
   0.0001972200    0.0000292900   -0.0000420200
   0.0000046000    0.0002014800    0.0000636900
  -0.0019217600    0.0164815100    0.0036457600
  -0.0004764300    0.0007549700   -0.0011633500
   0.0003946000    0.0002530400   -0.0003153800
   0.0013485000    0.0019637700   -0.0001468000
  -0.0019217600   -0.0164815100    0.0036457600
  -0.0004764300   -0.0007549700   -0.0011633500
   0.0003946000   -0.0002530400   -0.0003153800
   0.0013485000   -0.0019637700   -0.0001468000
  -0.0002632900   -0.0015292100    0.0000734800
  -0.0002021100    0.0001812600   -0.0004638900
   0.0002409900   -0.0001084600   -0.0002518100
   0.0002287000   -0.0006471100   -0.0000962800
  -0.0002632900    0.0015292100    0.0000734800
  -0.0002021100   -0.0001812600   -0.0004638900
   0.0002409900    0.0001084600   -0.0002518100
   0.0002287000    0.0006471100   -0.0000962800
  -0.0344157100   -0.0000000000   -0.1460280700
   0.0007679800   -0.0000000000   -0.0030690400
   0.0004870300   -0.0000000000   -0.0004539000
   0.0004420500   -0.0000000000   -0.0026301100
  -0.0016046200    0.0001682700   -0.0028502600
   0.0019472900    0.0020100500   -0.0019238400
   0.0003637400    0.0000059100   -0.0000414400
   0.0004857800   -0.0005492300   -0.0001079700
  -0.0002864800   -0.0000000000   -0.0004568500
   0.0000037400   -0.0000000000   -0.0000486800
   0.0003400800   -0.0000000000    0.0000397400
  -0.0000075100   -0.0000000000   -0.0000324800
  -0.0016046200   -0.0001682700   -0.0028502600
   0.0019472900   -0.0020100500   -0.0019238400
   0.0003637400   -0.0000059100   -0.0000414400
   0.0004857800    0.0005492300   -0.0001079700
  -0.0003830200   -0.0000000000    0.0128917300
   0.0009168900   -0.0000000000    0.0032115000
   0.0003199600   -0.0000000000    0.0007465600
  -0.0001698900   -0.0000000000    0.0006345400
  -0.0004197100    0.0005408500    0.0019176000
   0.0002243700    0.0002717900    0.0014510900
   0.0002356100    0.0000309700    0.0005772800
  -0.0000768800    0.0000296700    0.0003560900
  -0.0001984500   -0.0000000000    0.0007465800
   0.0000495900   -0.0000000000    0.0007057400
   0.0001653500   -0.0000000000    0.0005057500
  -0.0000117500   -0.0000000000    0.0004462600
  -0.0004197100   -0.0005408500    0.0019176000
   0.0002243700   -0.0002717900    0.0014510900
   0.0002356100   -0.0000309700    0.0005772800
  -0.0000768800   -0.0000296700    0.0003560900
  -0.0003958700   -0.0000000000    0.0126121400
  -0.0006649900   -0.0000000000    0.0010283800
   0.0003191800   -0.0000000000    0.0005186300
   0.0013980700   -0.0000000000    0.0023594200
  -0.0004179900   -0.0010333100    0.0016962300
  -0.0003686300   -0.0003211500    0.0004932000
   0.0002353400   -0.0001035300    0.0003517900
   0.0005155500   -0.0005623700    0.0008635700
  -0.0001983200   -0.0000000000    0.0005213100
  -0.0000847500   -0.0000000000    0.0003127100
   0.0001651800   -0.0000000000    0.0002782900
   0.0001226300   -0.0000000000    0.0003902900
  -0.0004179900    0.0010333100    0.0016962300
  -0.0003686300    0.0003211500    0.0004932000
   0.0002353400    0.0001035300    0.0003517900
   0.0005155500    0.0005623700    0.0008635700

193  
 -0.0077786572244224   0.0000000000000000  -0.0062843051950826
  -0.0089388600    0.0000000000    0.0233034500
   0.0080008900    0.0000000000    0.0011875200
   0.0017442700    0.0000000000    0.0003134400
  -0.0016357500    0.0000000000   -0.0005217000
  -0.0027416700    0.0048357200    0.0003354200
   0.0019622200    0.0023930200    0.0011590400
   0.0010285200    0.0000793900    0.0002736300
  -0.0000296100   -0.0004009300   -0.0001471400
  -0.0005051800    0.0000000000    0.0003138900
   0.0000608600    0.0000000000    0.0003818500
   0.0005321400    0.0000000000    0.0002676700
  -0.0001008500    0.0000000000    0.0001683700
  -0.0027416700   -0.0048357200    0.0003354200
   0.0019622200   -0.0023930200    0.0011590400
   0.0010285200   -0.0000793900    0.0002736300
  -0.0000296100    0.0004009300   -0.0001471400
  -0.0008342800    0.0000000000    0.0085079200
  -0.0003033300    0.0000000000    0.0020156500
   0.0007461300    0.0000000000    0.0006141700
   0.0003677900    0.0000000000    0.0021401200
  -0.0005845300   -0.0003366900    0.0020788800
  -0.0000456000    0.0001017400    0.0010582700
   0.0004902400   -0.0000121500    0.0004510400
   0.0001405800   -0.0002870200    0.0010142000
  -0.0004053100    0.0000000000    0.0006141300
   0.0000287900    0.0000000000    0.0004489600
   0.0003230400    0.0000000000    0.0003472100
   0.0000507300    0.0000000000    0.0004540800
  -0.0005845300    0.0003366900    0.0020788800
  -0.0000456000   -0.0001017400    0.0010582700
   0.0004902400    0.0000121500    0.0004510400
   0.0001405800    0.0002870200    0.0010142000
  -0.0154028900    0.0000000000   -0.1167845900
  -0.0039507400    0.0000000000   -0.0027619000
   0.0012795300    0.0000000000   -0.0005953600
   0.0105933100    0.0000000000   -0.0021056000
  -0.0015878600   -0.0072528900   -0.0024257400
  -0.0007352300   -0.0002539800   -0.0026890500
   0.0008666300   -0.0002222000   -0.0002924500
   0.0010951100   -0.0015797000   -0.0002038500
  -0.0004170600    0.0000000000   -0.0005934800
  -0.0002195400    0.0000000000   -0.0003398500
   0.0004094900    0.0000000000   -0.0002357100
   0.0002248700    0.0000000000   -0.0002448500
  -0.0015878600    0.0072528900   -0.0024257400
  -0.0007352300    0.0002539800   -0.0026890500
   0.0008666300    0.0002222000   -0.0002924500
   0.0010951100    0.0015797000   -0.0002038500
  -0.0047878700   -0.0015939400   -0.0046121300
   0.0050848300   -0.0082545200    0.0003854300
   0.0013537800   -0.0000662400   -0.0005854100
   0.0008143900    0.0002713400   -0.0004079500
  -0.0047878700    0.0015939400   -0.0046121300
   0.0050848300    0.0082545200    0.0003854300
   0.0013537800    0.0000662400   -0.0005854100
   0.0008143900   -0.0002713400   -0.0004079500
  -0.0003344600   -0.0002492400   -0.0003630100
  -0.0005368600    0.0007884000   -0.0006312200
   0.0005287800    0.0003274200    0.0000553300
   0.0003557200   -0.0001539400   -0.0000836400
  -0.0003344600    0.0002492400   -0.0003630100
  -0.0005368600   -0.0007884000   -0.0006312200
   0.0005287800   -0.0003274200    0.0000553300
   0.0003557200    0.0001539400   -0.0000836400
  -0.0013759700   -0.0004928700    0.0010506800
   0.0002514200   -0.0011298400    0.0021258000
   0.0007763000   -0.0002811800    0.0003937100
   0.0003482600    0.0000312400   -0.0001622900
  -0.0013759700    0.0004928700    0.0010506800
   0.0002514200    0.0011298400    0.0021258000
   0.0007763000    0.0002811800    0.0003937100
   0.0003482600   -0.0000312400   -0.0001622900
  -0.0003824000    0.0000405100   -0.0000658900
  -0.0001296700    0.0003869300    0.0002980500
   0.0003070300    0.0001442800   -0.0000813600
   0.0002088900   -0.0000458300   -0.0002272900
  -0.0003824000   -0.0000405100   -0.0000658900
  -0.0001296700   -0.0003869300    0.0002980500
   0.0003070300   -0.0001442800   -0.0000813600
   0.0002088900    0.0000458300   -0.0002272900
   0.0019166600    0.0035819500    0.0028324700
  -0.0032291400    0.0015783400    0.0013815200
   0.0001222200    0.0001479200   -0.0000739100
   0.0009096600    0.0003654700    0.0002975400
   0.0019166600   -0.0035819500    0.0028324700
  -0.0032291400   -0.0015783400    0.0013815200
   0.0001222200   -0.0001479200   -0.0000739100
   0.0009096600   -0.0003654700    0.0002975400
   0.0000158500   -0.0005553300    0.0002078300
  -0.0004960400   -0.0002313500    0.0000154800
   0.0001310100   -0.0000205800   -0.0001516300
   0.0003489700   -0.0001976000   -0.0000134300
   0.0000158500    0.0005553300    0.0002078300
  -0.0004960400    0.0002313500    0.0000154800
   0.0001310100    0.0000205800   -0.0001516300
   0.0003489700    0.0001976000   -0.0000134300
   0.0053650400    0.0000000000    0.0012884600
  -0.0139186100    0.0000000000   -0.0116907800
  -0.0030212300    0.0000000000    0.0003580900
  -0.0005095100    0.0000000000    0.0002441900
   0.0016869800    0.0006296300    0.0012414100
   0.0001693700   -0.0028209300   -0.0022724300
  -0.0012721800   -0.0003399100   -0.0000813100
  -0.0004609500    0.0001030800    0.0000336400
   0.0004729900    0.0000000000    0.0000079200
   0.0001827600    0.0000000000   -0.0001612900
  -0.0003896400    0.0000000000   -0.0002680200
  -0.0002420800    0.0000000000   -0.0000439500
   0.0016869800   -0.0006296300    0.0012414100
   0.0001693700    0.0028209300   -0.0022724300
  -0.0012721800    0.0003399100   -0.0000813100
  -0.0004609500   -0.0001030800    0.0000336400
  -0.0000096200    0.0000000000   -0.0014666500
   0.0010094700    0.0000000000   -0.0017239900
  -0.0003324900    0.0000000000   -0.0006433600
  -0.0007282800    0.0000000000   -0.0004557600
   0.0001880600    0.0000545400   -0.0007783500
   0.0004594400   -0.0001991400   -0.0009724900
  -0.0002354900   -0.0000987900   -0.0004502300
  -0.0004063700    0.0000541400   -0.0003073800
   0.0001639700    0.0000000000   -0.0003137800
   0.0002502700    0.0000000000   -0.0004905800
  -0.0001766900    0.0000000000   -0.0003174600
  -0.0002341500    0.0000000000   -0.0002349300
   0.0001880600   -0.0000545400   -0.0007783500
   0.0004594400    0.0001991400   -0.0009724900
  -0.0002354900    0.0000987900   -0.0004502300
  -0.0004063700   -0.0000541400   -0.0003073800
  -0.0201344800    0.0000000000   -0.0117995500
   0.0129386400    0.0000000000    0.0038379900
   0.0002453400    0.0000000000   -0.0003132900
  -0.0028141500    0.0000000000   -0.0005173900
  -0.0006758900    0.0012680200    0.0000438500
   0.0020419900    0.0005548500    0.0005816900
  -0.0004893300    0.0001085100    0.0000402300
  -0.0009548700    0.0003220300   -0.0001639000
   0.0000311200    0.0000000000   -0.0000189000
   0.0005370500    0.0000000000   -0.0000341500
  -0.0001727400    0.0000000000   -0.0000868500
  -0.0003898800    0.0000000000   -0.0000928800
  -0.0006758900   -0.0012680200    0.0000438500
   0.0020419900   -0.0005548500    0.0005816900
  -0.0004893300   -0.0001085100    0.0000402300
  -0.0009548700   -0.0003220300   -0.0001639000
   0.0021757800    0.0096816700   -0.0052609600
  -0.0027603300    0.0013515800   -0.0017936000
  -0.0005612700    0.0001438300   -0.0000766900
  -0.0005641400    0.0001590800    0.0007543500
   0.0021757800   -0.0096816700   -0.0052609600
  -0.0027603300   -0.0013515800   -0.0017936000
  -0.0005612700   -0.0001438300   -0.0000766900
  -0.0005641400   -0.0001590800    0.0007543500
   0.0005098300   -0.0012594000    0.0003016900
  -0.0002264600   -0.0009354000    0.0000663600
  -0.0003521500   -0.0000736200   -0.0001560400
   0.0000110100    0.0001242800   -0.0001142200
   0.0005098300    0.0012594000    0.0003016900
  -0.0002264600    0.0009354000    0.0000663600
  -0.0003521500    0.0000736200   -0.0001560400
   0.0000110100   -0.0001242800   -0.0001142200
   0.0004442900   -0.0005102800   -0.0015950000
  -0.0001210500    0.0000394400   -0.0009248700
  -0.0003707700   -0.0000436500   -0.0004019400
   0.0000245600   -0.0003128300   -0.0008261000
   0.0004442900    0.0005102800   -0.0015950000
  -0.0001210500   -0.0000394400   -0.0009248700
  -0.0003707700    0.0000436500   -0.0004019400
   0.0000245600    0.0003128300   -0.0008261000
   0.0002571300    0.0001974600   -0.0005497000
  -0.0000500800   -0.0000301200   -0.0003754400
  -0.0001955900    0.0000286000   -0.0002765000
  -0.0000046800    0.0002014200   -0.0003816500
   0.0002571300   -0.0001974600   -0.0005497000
  -0.0000500800    0.0000301200   -0.0003754400
  -0.0001955900   -0.0000286000   -0.0002765000
  -0.0000046800   -0.0002014200   -0.0003816500
   0.0019474600   -0.0164888200   -0.0039233800
   0.0004745700   -0.0007529400    0.0008164200
  -0.0003927700   -0.0002536500   -0.0000266200
  -0.0013479900   -0.0019720000   -0.0001903300
   0.0019474600    0.0164888200   -0.0039233800
   0.0004745700    0.0007529400    0.0008164200
  -0.0003927700    0.0002536500   -0.0000266200
  -0.0013479900    0.0019720000   -0.0001903300
   0.0002604600    0.0015254800   -0.0004150900
   0.0002011500   -0.0001787200    0.0001200900
  -0.0002396600    0.0001090300   -0.0000898600
  -0.0002282900    0.0006443600   -0.0002442900
   0.0002604600   -0.0015254800   -0.0004150900
   0.0002011500    0.0001787200    0.0001200900
  -0.0002396600   -0.0001090300   -0.0000898600
  -0.0002282900   -0.0006443600   -0.0002442900
   0.0334950800    0.0000000000    0.1504767200
  -0.0007665000    0.0000000000    0.0036670500
  -0.0004832100    0.0000000000    0.0010758600
  -0.0004201500    0.0000000000    0.0032721200
   0.0015940400   -0.0001679600    0.0034677000
  -0.0019311000   -0.0019940700    0.0025351300
  -0.0003610300   -0.0000057300    0.0006578000
  -0.0004743900    0.0005366000    0.0007396300
   0.0002840100    0.0000000000    0.0010745200
  -0.0000043700    0.0000000000    0.0006652700
  -0.0003375800    0.0000000000    0.0005822300
   0.0000075900    0.0000000000    0.0006519400
   0.0015940400    0.0001679600    0.0034677000
  -0.0019311000    0.0019940700    0.0025351300
  -0.0003610300    0.0000057300    0.0006578000
  -0.0004743900   -0.0005366000    0.0007396300
   0.0003939200    0.0000000000   -0.0120099000
  -0.0009026100    0.0000000000   -0.0023950600
  -0.0003170700    0.0000000000    0.0000384600
   0.0001716500    0.0000000000    0.0001369800
   0.0004157300   -0.0005397000   -0.0011334800
  -0.0002236500   -0.0002700500   -0.0006652500
  -0.0002337300   -0.0000304000    0.0002083700
   0.0000768900   -0.0000302000    0.0004235000
   0.0001961400    0.0000000000    0.0000379000
  -0.0000497600    0.0000000000    0.0000799800
  -0.0001639500    0.0000000000    0.0002775000
   0.0000116800    0.0000000000    0.0003345500
   0.0004157300    0.0005397000   -0.0011334800
  -0.0002236500    0.0002700500   -0.0006652500
  -0.0002337300    0.0000304000    0.0002083700
   0.0000768900    0.0000302000    0.0004235000
   0.0003809400    0.0000000000   -0.0122790800
   0.0006593000    0.0000000000   -0.0006881700
  -0.0003177600    0.0000000000   -0.0001877000
  -0.0014041100    0.0000000000   -0.0020316000
   0.0004173700    0.0010299100   -0.0013575100
   0.0003668800    0.0003207100   -0.0001591000
  -0.0002338700    0.0001038200   -0.0000171500
  -0.0005143000    0.0005613500   -0.0005322400
   0.0001963400    0.0000000000   -0.0001856400
   0.0000844800    0.0000000000    0.0000202900
  -0.0001640700    0.0000000000    0.0000505600
  -0.0001226700    0.0000000000   -0.0000546200
   0.0004173700   -0.0010299100   -0.0013575100
   0.0003668800   -0.0003207100   -0.0001591000
  -0.0002338700   -0.0001038200   -0.0000171500
  -0.0005143000   -0.0005613500   -0.0005322400
